Class	A1	A10	A11	A12	A2	A3	A4	A5	A6	A7	A8	A9	B1	B10	B11	B12	B2	B3	B4	B5	B6	B7	B8	B9	C1	C10	C11	C12	C2	C3	C4	C5	C6	C7	C8	C9	D1	D10	D11	D12	D2	D3	D4	D5	D6	D7	D8	D9	E1	E10	E11	E12	E2	E3	E4	E5	E6	E7	E8	E9	F1	F10	F11	F12	F2	F3	F4	F5	F6	F7	F8	F9	G1	G10	G11	G12	G2	G3	G4	G5	G6	G7	G8	G9	H1	H10	H11	H12	H2	H3	H4	H5	H6	H7	H8	H9	ITS1f	ITS4	ITS4-IT	ITS4A	gITS7
Fungi;?;?	17092	1	14	15	11719	31314	6298	49644	2082	2402	1425	1554	5265	612	0	15	40035	7803	5994	19131	2063	2171	4362	2017	15151	64	7	387	12500	16569	5656	2948	2649	6704	234	4305	10117	61	17	80	5669	13419	4127	8905	3453	2665	3802	10	24466	187	206	1030	13577	3	6224	7683	8543	10039	2567	1401	26205	0	0	19	14652	3403	41590	5998	978	5903	549	4498	3124	0	5	0	15602	586	55212	24846	1925	2372	21	0	7465	37	0	0	38944	9264	883	1895	17270	3202	20	1092	0	5862	0	1124	0
Fungi;Ascomycota;?	2853	0	49	34	1897	18496	6407	30202	1782	4374	4032	1322	8920	103	0	5	5984	5045	11023	5777	6380	2458	10324	1401	16368	54	6	94	13578	6305	18879	4633	8791	3794	750	8928	51391	242	73	29	4205	54220	11968	28731	13120	7337	8147	14	62291	346	353	2967	12433	1	17275	13930	14079	16840	755	7473	8780	1	1	63	10223	9088	11218	4741	3900	10754	399	6739	2943	0	14	0	6581	2616	7907	31245	5231	8981	23	0	14401	78	2	0	13373	11515	4315	3044	14271	8288	26	1399	0	6645	0	1472	0
Fungi;Ascomycota;Archaeorhizomycetes	21	0	0	2	158	1129	0	1	35	40	747	1	109	11	0	3	14	1	2	1708	16	2	1	0	3	0	0	1	15	4	704	2	1	1225	4	5	2	0	0	0	30	121	26	911	8	862	237	0	598	3	0	73	32	0	284	3386	4	2498	0	2	21	0	0	7	1	9	11	256	603	838	30	2	0	0	0	0	0	2	620	132	1948	2	0	0	47	11	0	0	1	7	1	1	5004	731	1	116	0	41	0	262	0
Fungi;Ascomycota;Dothideomycetes	39053	0	45	33	3123	12694	7769	20825	7254	1367	12011	5527	6037	121	0	2	7399	12112	11839	29986	30964	5278	20190	3322	14664	357	4	179	3252	5682	22747	10280	39925	3423	1448	23727	8757	109	99	17	1492	7655	8200	17641	5738	2301	12983	12	9959	213	810	1830	6585	3	11103	14199	24957	16515	529	3411	7166	1	0	49	12117	3892	8329	2372	6289	8173	220	12087	4863	0	6	0	10301	3226	7969	5652	5909	13738	39	0	8529	221	1	0	17624	10135	1459	3179	9189	10510	24	1163	0	4935	0	1135	0
Fungi;Ascomycota;Eurotiomycetes	1723	8	445	201	2691	18102	22908	42391	16651	16186	35729	65117	1026	74	0	61	13182	1671	22722	27557	17577	3612	15668	22402	2531	109	0	46	10621	2884	33180	12876	17196	33094	3327	26786	2243	1636	2022	16	5423	2589	100730	35676	91703	31741	27615	1790	34954	229	957	3782	22798	23	30611	13523	62231	22234	1144	18225	4110	1	2	70	2503	10422	17529	19974	46215	16786	383	25871	1688	4	26	0	3237	86529	5718	33462	21482	95136	172	0	8672	692	10	0	4627	26015	5267	15324	50801	18773	53	4456	0	10076	0	2284	0
Fungi;Ascomycota;Incertae sedis	48	0	0	3	70	750	178	141	125	28	477	407	18	0	0	1	94	88	157	251	540	102	948	216	590	0	0	1	167	93	450	249	141	227	79	552	55	3	0	0	43	114	858	399	150	178	710	0	177	3	22	49	272	0	536	222	600	702	24	109	54	0	0	2	137	78	373	124	1065	220	14	1665	44	0	0	0	55	1	129	171	120	704	0	0	88	7	0	0	117	105	36	436	173	285	1	36	0	185	0	31	0
Fungi;Ascomycota;Lecanoromycetes	18	0	0	0	37	11	28	1	913	0	1	0	8	0	0	0	2	5	0	10	6	21	0	22	9	0	0	0	0	0	5	0	5	3	1	87	4	0	0	0	1	6	0	811	0	5	4	0	16	0	3	81	0	0	1	49	26	6	0	11	172	0	0	0	8	0	4	7	0	0	0	9	1	0	0	0	15	1	0	0	61	0	0	0	0	0	0	0	9	18	0	0	1483	0	0	24	0	25	0	13	0
Fungi;Ascomycota;Leotiomycetes	73	0	5	1	48	182	117	123	457	165	394	108	22	1	0	0	133	234	500	29	503	26	1157	0	463	1	0	3	138	90	555	3	71	347	53	1125	112	0	5	0	35	137	412	161	6	18	659	2	190	4	38	17	245	0	492	200	1401	296	19	181	911	0	0	1	1707	214	239	47	201	307	5	368	74	0	2	0	207	191	14	582	66	515	3	0	43	3	0	0	616	255	0	35	12	690	0	19	0	111	0	34	0
Fungi;Ascomycota;Orbiliomycetes	682	0	1	0	44	505	94	1	3	4	1	193	45	5	0	0	11	15	5109	33	4	28	13	19	53	0	0	0	67	446	1037	0	7	42	13	0	118	0	0	1	18	192	4847	5	1	2	54	0	462	0	0	0	386	0	54	170	425	0	10	33	413	0	0	0	120	9	87	78	4	1	10	3	10	0	0	0	378	2	322	13	4	104	0	0	6	0	0	0	228	43	0	1	1402	0	0	5	0	68	0	21	0
Fungi;Ascomycota;Pezizomycetes	97	0	0	0	14360	1713	264	415	4	9	0	0	218	0	0	0	807	830	11	5	2175	20	107	85	75	0	0	112	278	54	905	33	39	198	4	2	182	9	1	0	29	737	5	315	425	0	102	0	83	15	0	26	16	0	48	614	1	30	7	3	239	0	0	0	125	151	38	288	13	26	38	64	339	0	0	0	208	75	30	4	56	17	1	0	350	1	0	0	12498	1453	2	22	13	711	0	14	0	227	0	262	0
Fungi;Ascomycota;Saccharomycetes	6	0	1	0	39	8	64	124	4	8	14	120	3	0	0	0	9	2	19	31	17	6	4	2	42	1325	0	0	45	6	10	11	199155	8	7	8	18	18	0	0	4	9	2	155	856	3	16	2	18	1	1	10	8	0	9	39	465	34	6	175	21	0	0	0	3	4	78	17	9	5	0	9	11	0	0	0	12	15	4	11	7	13	4	0	7	0	0	0	7	29	3	13	1430	8	3	248	0	939	0	163	0
Fungi;Ascomycota;Sordariomycetes	6775	4	173	83	16389	18496	22390	32832	20857	4365	33318	30847	10319	116	0	9	14732	15334	42907	12927	44687	11028	30440	21809	13352	147	6	390	16428	12922	83952	23782	15185	20159	6582	40807	15144	873	211	58	8387	12316	53392	40394	51138	16064	46565	58	24245	976	1373	4711	29121	17	47057	63033	42620	31517	4574	17456	24501	3	4	110	13554	12055	72121	4909	17686	17493	381	54380	8471	0	35	0	14871	8234	8305	10768	60231	42215	41	0	36625	640	7	0	40383	13883	1815	51650	21369	56662	39	4184	0	10533	0	3026	0
Fungi;Ascomycota;Taphrinomycetes	0	0	0	0	0	0	0	0	0	0	0	0	0	0	0	0	0	0	0	0	0	0	0	0	0	0	0	0	0	0	0	0	0	0	0	0	0	0	0	0	0	0	0	0	0	1	0	0	0	0	0	0	0	0	2	0	0	0	0	0	0	0	0	0	0	0	0	0	0	0	0	0	0	0	0	0	0	0	0	700	0	0	1	0	0	0	0	0	0	0	0	0	0	0	0	0	0	3	0	2	0
Fungi;Ascomycota;unidentified	995	1	74	94	910	4703	17182	1794	18192	3410	19382	1640	670	6	0	14	1803	3069	3423	2876	5739	2478	5545	5595	1523	20	2	48	2005	2135	9029	2137	2025	1343	77973	10539	5371	79	26	6	8976	2891	4892	13483	4841	868	10860	13	1790	73	371	1555	38366	1	3059	13692	6656	4649	697	4037	8835	15	0	9	1373	16119	9910	3746	18736	15168	75	8792	1103	1	3	1	1795	1031	401	19673	5330	13673	7	0	1373	424	1	0	7405	13862	90294	11601	978	7033	11	2805	0	6450	0	1525	0
Fungi;Basidiomycota;?	39888	0	14	53	11486	20237	34739	361	2329	73	8091	6945	7510	2	0	0	9175	22039	1665	675	2939	237	1175	50953	14942	45	3	96	10770	50070	3333	824	2044	36	250	18637	96170	110	286	202	2498	35575	1895	398	6324	126	8914	197	8669	643	600	64	758	22	14663	643	2594	1099	1447	4390	55868	0	0	3	11511	426	20048	3049	528	1856	352	361	30184	0	10	0	137981	11669	148	4704	292	2894	87	0	25526	167	0	1	10402	2715	216	178	713	561	15	2082	0	5879	0	1115	0
Fungi;Basidiomycota;Agaricomycetes	168835	6	106	167	101155	191470	46491	150256	118694	30346	7607	4570	39413	773	0	42	118005	291307	55871	264296	79208	81950	32597	15654	158523	980	77	2103	61523	128085	236918	216739	116788	4953	308067	26040	178652	1250	2551	554	41097	201490	40815	74641	62092	5044	18938	44	191459	4884	1112	9191	109165	17	136375	170643	88117	4133	6302	48685	129059	72	6	11	126984	69556	97370	36100	12882	10774	3332	35446	270098	1	109	0	185318	100940	57622	31216	3893	11574	175770	0	205570	159	3	0	251400	153865	1002	11215	32262	36075	90	9789	0	40185	0	7001	0
Fungi;Basidiomycota;Agaricostilbomycetes	0	0	0	0	0	0	0	0	0	0	0	0	0	0	0	0	0	0	0	0	0	0	0	0	0	0	0	0	0	0	0	0	0	0	0	0	0	0	0	0	0	0	0	0	0	0	0	0	0	0	0	0	0	0	0	0	22	11	0	0	0	0	0	0	0	0	0	0	0	0	0	0	0	0	0	0	0	1	0	0	7	0	0	0	0	0	0	0	0	0	0	0	0	0	0	0	0	1	0	1	0
Fungi;Basidiomycota;Atractiellomycetes	2	0	2	0	2	38	102	2	93	3	35	106	0	0	0	0	3	221	54	318	48	5	342	2	1	1	0	0	48	12	124	1	304	1	553	457	72	36	0	0	79	72	2	2	2548	0	163	1	3	0	17	0	295	0	116	1	34	2	0	0	7	0	0	0	2	6	2	12	1	116	4	1	4	0	0	0	15	225	8	2	0	768	5	0	0	2	0	0	15	2	0	16	1	339	2	25	0	90	0	30	0
Fungi;Basidiomycota;Exobasidiomycetes	13	0	0	0	1	14	164	105	1	2	46	59	6	3	0	0	60	3	205	17	217	25	7	78	602	0	0	1	6	16	8	9	19	10	15	67	73	5	8	0	15	2	30	76	266	12	23	1	254	2	0	7	8	0	55	12	8	15	3	69	24	0	0	0	22	18	20	6	28	37	1	48	35	0	0	0	115	243	202	1490	10	21	1	0	19	1	0	0	145	22	0	23	13	54	1	22	0	24	0	14	0
Fungi;Basidiomycota;Incertae sedis	16	0	0	0	921	35	176	200	723	580	4	9	6	35	0	1	121	15	99	13	2081	36	6	48	770	26	0	0	5	11	75	1278	4225	2	2	14	94	122	2	0	5	27	32	176	6291	18	9	1	457	1	1	11	17	0	19	319	2526	25	8	3	36	0	0	0	26	8	71	354	103	27	3	5	81	0	0	0	67	106	2328	35	155	7	2	0	18	0	0	0	86	106	21	8	35941	7	1	10	0	614	0	103	0
Fungi;Basidiomycota;Microbotryomycetes	26	0	0	0	2	15	1	5	83	6	33	85	5	0	0	1	8	35	154	17	13	2	165	46	1	0	0	1	52	10	366	47	3	0	49	14	9	22	0	1	26	38	258	98	1039	2	223	0	31	0	0	7	154	2	129	449	194	56	4	1	19	0	0	0	12	11	68	150	75	30	0	98	12	0	0	0	30	1	3	3277	57	23	3	0	11	0	0	0	75	87	1	87	41	18	2	18	0	41	0	15	0
Fungi;Basidiomycota;Tremellomycetes	22	0	2	8	13	57	97	229	2034	281	2020	122	8	9	0	0	21	60	102	1052	314	75	709	67	142	0	0	0	12	53	141	623	30	8	89	90	24	51	3	1	4	120	85	337	2758	40	435	530	93	0	1	37	54	1	64	896	618	166	17	12	57	0	0	0	74	44	222	47	947	20	3	280	45	2	0	0	28	185	1602	12	94	334	2	0	5	46	0	0	57	7	138	44	304	110	2	45	0	173	0	41	0
Fungi;Basidiomycota;Ustilaginomycetes	6	0	0	0	6	22	0	6	0	0	0	0	1	0	0	0	4	12	61	5	3	16	2	0	11	0	0	0	3	0	8	11	1	0	0	14	10	0	0	0	0	3	14	56	0	10	8	0	12	0	0	5	15	0	2	0	0	29	1	1	8	0	0	0	1	5	33	0	0	0	0	0	8	0	0	0	3	0	0	4	0	15	0	0	0	0	0	0	1	10	0	17	108	8	0	3	0	2	0	2	0
Fungi;Basidiomycota;Wallemiomycetes	45	0	4	119	51	101	4748	418	1595	3341	1070	311	70	0	0	18	3924	78	3670	2634	644	812	105	1616	858	32	1	7	1858	62	2291	741	3396	130	19	2707	333	46	13	2	2508	74	260	3844	2350	33	252	9	4273	26	79	422	603	1	2617	12729	3354	14	1301	131	343	0	2	0	77	2845	20565	5995	29280	135	5	514	392	0	4	0	295	389	13	3061	1064	374	10	0	1128	14	0	0	260	756	110	3098	1003	319	14	619	0	1264	0	259	0
Fungi;Basidiomycota;unidentified	3	0	0	0	0	9	0	0	0	0	0	2	0	0	0	0	0	3	0	1	0	0	0	1	0	0	0	0	0	0	3	0	0	0	0	0	2	0	0	0	3	6	2	0	0	0	0	0	404	0	0	0	1	0	2	1	0	1	0	0	1	0	0	0	0	0	1	0	0	0	0	0	0	0	0	0	3	0	1	296	7	0	1	0	0	0	0	0	0	0	0	2	0	12	1	3	0	11	0	0	0
Fungi;Chytridiomycota;?	209	0	6	9	185	424	2200	764	481	207	2455	357	298	9	0	2	412	387	464	6061	2739	554	675	380	473	28	0	9	199	289	647	318	2547	139	39	701	760	8	0	1	233	289	801	1765	381	662	724	2	776	15	30	206	947	0	349	1346	1294	401	69	80	534	0	0	1	157	1336	821	174	1685	1072	5	628	219	0	0	0	223	22	515	971	204	1164	7	0	260	41	0	0	836	741	287	481	473	903	7	158	0	319	0	67	0
Fungi;Chytridiomycota;Chytridiomycetes	35	0	2	3	76	170	602	190	2477	92	472	149	16	1	0	0	54	312	364	4760	605	104	230	25	296	0	0	3	27	540	840	17	38	47	35	530	343	9	1	1	100	71	179	254	396	83	187	0	156	2	21	46	175	0	143	1219	409	79	38	38	114	0	0	0	44	524	540	131	128	535	1	39	41	0	0	0	29	4	92	193	20	234	3	0	57	13	0	0	293	207	90	180	7	107	1	59	0	106	0	13	0
Fungi;Chytridiomycota;Monoblepharidomycetes	0	0	0	0	0	0	0	0	0	0	0	0	0	0	0	0	0	0	0	0	0	0	0	0	0	0	0	0	0	0	0	0	0	0	0	0	0	0	0	0	0	0	0	0	0	0	0	0	0	0	0	0	0	0	0	0	0	11	0	0	0	0	0	0	0	0	0	0	0	0	0	0	1	0	0	0	0	0	0	0	0	0	0	0	0	0	0	0	9	0	0	0	0	0	0	0	0	0	0	0	0
Fungi;Chytridiomycota;unidentified	0	0	0	0	0	0	0	0	0	0	0	0	0	0	0	0	0	2	4	0	0	0	58	0	0	0	0	0	42	3	0	163	0	0	0	0	0	0	0	0	2	0	0	0	0	0	8	0	0	0	0	2	0	0	1	0	13	0	0	0	0	0	0	0	0	43	0	3	1	0	0	0	0	0	0	0	0	0	1	0	0	0	0	0	3	0	0	0	0	0	0	0	2	36	0	0	0	6	0	1	0
Fungi;Glomeromycota;?	423	0	0	2	67	1436	12	623	264	2	0	0	47	0	0	0	1514	86	2	1	1	8	0	1	447	0	0	2	109	346	479	1	17	0	3	2	189	0	3	0	34	267	2615	1497	5	0	1	0	1556	19	3	147	58	0	69	232	1048	0	11	0	572	0	0	0	226	3	147	71	13	3	31	1	95	0	0	0	171	150	78	31	4	4	0	0	590	0	0	0	140	238	0	6	5	0	1	9	0	98	0	19	0
Fungi;Glomeromycota;Glomeromycetes	373	0	0	0	47	3052	113	1132	4	3	0	0	53	0	0	0	1648	97	155	3	6	12	0	0	703	0	1	2	243	72	3182	398	26	1	4	24	1051	0	0	0	34	699	5745	1616	8	0	3	0	3197	14	3	186	244	0	2445	1273	1423	0	45	0	1082	0	0	0	477	2	664	152	13	0	49	0	134	0	3	1	239	2	8	2	8	7	0	0	479	0	0	0	541	14	3	8	23	0	1	17	0	183	0	46	0
Fungi;Glomeromycota;unidentified	0	0	0	0	0	0	0	0	0	0	0	0	0	0	0	0	0	0	0	0	0	0	0	0	0	0	0	0	0	0	0	0	0	0	0	0	0	0	0	0	0	0	0	0	0	0	0	0	21	1	0	0	0	0	0	0	0	0	0	0	0	0	0	0	0	0	0	0	0	0	0	0	0	0	0	0	0	0	0	0	0	0	0	0	37	0	0	0	0	0	0	0	0	0	0	0	0	0	0	0	0
Fungi;Incertae sedis;?	76	0	0	0	1	9	0	1	0	0	0	0	0	0	0	0	6	4	7	0	0	0	0	0	4	0	0	0	0	1	31	0	0	0	0	8	13	3	0	0	0	0	9	0	177	0	0	0	64	0	0	0	0	0	0	5	0	1	0	0	4	0	0	0	5	1	0	1	1	0	1	26	7	0	0	0	0	1	0	0	0	0	0	0	7	0	0	0	0	17	0	0	0	6	0	2	0	2	0	1	0
Fungi;Incertae sedis;Incertae sedis	0	0	0	0	1	0	1	0	0	0	0	0	0	0	0	0	4	4	1	0	1	0	12	0	165	0	0	0	0	0	11	0	0	0	1	19	1	0	0	0	0	1	0	0	0	0	0	0	0	0	1	0	0	0	1	1	2	0	0	0	0	0	0	0	480	4	2	2	0	0	0	2	0	0	0	0	0	0	0	0	0	0	0	0	14	0	0	0	0	0	0	0	0	0	0	2	0	8	0	2	0
Fungi;Rozellomycota;?	0	0	0	0	0	13	94	1	0	0	0	0	0	0	0	0	0	0	0	0	0	0	0	0	0	0	0	0	0	0	0	0	0	0	0	53	0	0	0	0	0	4	0	0	0	0	0	0	0	0	2	0	5	0	0	0	0	0	0	0	0	0	0	0	4	0	1	2	0	0	0	0	0	0	0	0	0	0	0	0	0	0	0	0	0	0	0	0	0	0	0	0	0	0	0	0	0	2	0	0	0
Fungi;Rozellomycota;unidentified	0	0	0	0	0	15	0	0	0	0	0	0	0	0	0	0	0	0	0	0	0	0	0	0	2	0	0	0	0	0	0	0	0	0	0	7	0	0	0	0	0	1	0	0	0	0	1	0	0	0	2	0	3	0	0	0	0	0	0	0	0	0	0	0	2	0	9	0	0	0	0	0	0	0	0	0	0	0	0	0	0	0	0	0	0	0	0	0	0	0	0	0	11	0	0	0	0	0	0	0	0
Fungi;Zygomycota;?	26	0	0	0	4	7	18	2	66	5	7	5	13	3	0	0	2	2	153	352	13	23	38	4	3	0	0	1	2	1	12	10	1	4	0	49	1	0	0	0	0	4	4	33	0	0	4	0	37	0	1	2	6	0	4	163	26	23	7	10	43	0	0	0	47	8	75	21	2	39	0	212	28	0	0	0	347	26	68	467	19	14	0	0	0	0	0	0	51	6	0	85	95	302	0	17	0	13	0	4	0
Fungi;Zygomycota;Incertae sedis	85	0	5	0	2519	25	2118	1174	169	12	81	930	60	1	0	0	239	161	90	214	74	219	728	179	407	0	0	3	82	75	2067	627	121	50	19	815	422	0	2	0	23	17	259	533	6	0	124	2	160	51	32	46	366	0	899	968	390	39	55	21	44	0	0	0	1184	69	1063	327	67	51	0	565	63	0	1	0	64	84	178	259	320	1117	2	0	1872	0	0	0	150	314	28	327	57	48	2	50	0	183	0	53	0
Fungi;unidentified;?	6	0	0	0	0	96	1	1	0	0	0	0	8	4	0	0	1	4	82	0	0	1	0	0	59	0	0	0	2	4	324	1	3	0	0	0	11	0	0	0	0	5	789	2	2	0	0	0	1	0	0	0	106	0	2175	5	3	9	0	0	12	0	0	0	15	1	2	14	1	0	5	11	0	0	0	0	7	0	183	0	1	0	0	0	1	0	0	0	74	2	0	2	0	69	0	0	0	11	0	19	0
Fungi;unidentified;unidentified	147	0	1	3	14	200	2892	1569	173	655	156	151	62	6	0	0	1379	317	1495	220	605	671	3569	52	456	14	0	2	987	357	753	58	1147	73	74	263	118	14	0	0	2276	97	233	1344	744	40	345	2	1043	2	11	149	502	0	402	1062	858	662	443	63	153	0	0	2	3549	711	6789	165	728	268	3	207	958	0	0	0	241	40	290	603	101	411	0	0	123	4	0	0	243	383	69	633	140	1370	3	225	0	611	0	119	0
Protista;?;?	0	0	0	0	0	1	0	0	0	0	0	0	0	0	0	0	0	0	0	0	0	0	0	0	0	0	0	0	0	0	0	0	0	0	0	0	0	0	0	0	0	0	0	0	0	0	0	0	0	0	0	0	0	0	0	0	0	0	0	0	3	0	0	0	0	0	0	0	0	0	0	0	0	0	0	0	0	0	0	0	0	0	0	0	0	0	0	0	0	0	0	0	0	0	0	0	0	0	0	0	0
Protista;Cercozoa;?	0	0	0	0	0	0	0	0	0	0	0	0	0	0	0	0	0	0	0	0	0	0	0	0	0	0	0	0	0	0	0	0	0	0	0	8	0	0	0	0	0	0	0	0	0	0	0	0	0	0	0	0	0	0	0	0	0	0	0	2	0	0	0	0	1	0	0	0	0	0	0	0	0	0	0	0	0	0	0	0	0	0	0	0	4	0	0	0	0	0	0	0	0	0	0	0	0	0	0	0	0
Protista;Ciliophora;?	0	0	0	0	0	0	0	0	0	0	0	0	0	0	0	0	0	0	0	0	0	0	0	0	0	0	0	0	0	0	0	0	0	0	0	0	0	0	0	0	0	0	0	0	0	0	0	0	0	0	0	0	0	0	0	0	0	0	0	0	0	0	0	0	0	0	2	0	0	0	0	0	1	0	0	0	8	0	0	0	0	0	0	0	0	0	0	0	0	0	0	0	0	0	0	0	0	1	0	0	0