Family	A1	A10	A11	A12	A2	A3	A4	A5	A6	A7	A8	A9	B1	B10	B11	B12	B2	B3	B4	B5	B6	B7	B8	B9	C1	C10	C11	C12	C2	C3	C4	C5	C6	C7	C8	C9	D1	D10	D11	D12	D2	D3	D4	D5	D6	D7	D8	D9	E1	E10	E11	E12	E2	E3	E4	E5	E6	E7	E8	E9	F1	F10	F11	F12	F2	F3	F4	F5	F6	F7	F8	F9	G1	G10	G11	G12	G2	G3	G4	G5	G6	G7	G8	G9	H1	H10	H11	H12	H2	H3	H4	H5	H6	H7	H8	H9	ITS1f	ITS4	ITS4-IT	ITS4A	gITS7
Fungi;?;?;?;?	17092	1	14	15	11719	31314	6298	49644	2082	2402	1425	1554	5265	612	0	15	40035	7803	5994	19131	2063	2171	4362	2017	15151	64	7	387	12500	16569	5656	2948	2649	6704	234	4305	10117	61	17	80	5669	13419	4127	8905	3453	2665	3802	10	24466	187	206	1030	13577	3	6224	7683	8543	10039	2567	1401	26205	0	0	19	14652	3403	41590	5998	978	5903	549	4498	3124	0	5	0	15602	586	55212	24846	1925	2372	21	0	7465	37	0	0	38944	9264	883	1895	17270	3202	20	1092	0	5862	0	1124	0
Fungi;Ascomycota;?;?;?	2853	0	49	34	1897	18496	6407	30202	1782	4374	4032	1322	8920	103	0	5	5984	5045	11023	5777	6380	2458	10324	1401	16368	54	6	94	13578	6305	18879	4633	8791	3794	750	8928	51391	242	73	29	4205	54220	11968	28731	13120	7337	8147	14	62291	346	353	2967	12433	1	17275	13930	14079	16840	755	7473	8780	1	1	63	10223	9088	11218	4741	3900	10754	399	6739	2943	0	14	0	6581	2616	7907	31245	5231	8981	23	0	14401	78	2	0	13373	11515	4315	3044	14271	8288	26	1399	0	6645	0	1472	0
Fungi;Ascomycota;Archaeorhizomycetes;?;?	15	0	0	0	156	1115	0	1	32	1	0	1	107	0	0	0	13	1	1	2	15	0	1	0	3	0	0	0	0	2	2	0	1	1224	2	5	1	0	0	0	10	2	0	1	8	861	5	0	2	0	0	0	19	0	5	3385	1	2497	0	2	4	0	0	7	0	6	0	12	1	540	29	2	0	0	0	0	0	0	18	2	1945	1	0	0	0	0	0	0	0	4	1	1	4971	730	0	91	0	25	0	214	0
Fungi;Ascomycota;Archaeorhizomycetes;Archaeorhizomycetales;?	6	0	0	2	2	14	0	0	3	39	747	0	2	11	0	3	1	0	1	1706	1	2	0	0	0	0	0	1	15	2	702	2	0	1	2	0	1	0	0	0	20	119	26	910	0	1	232	0	596	3	0	73	13	0	279	1	3	1	0	0	17	0	0	0	1	3	11	244	602	298	1	0	0	0	0	0	0	2	602	130	3	1	0	0	47	11	0	0	1	3	0	0	33	1	1	25	0	16	0	48	0
Fungi;Ascomycota;Dothideomycetes;?;?	6777	0	27	16	2066	6526	1999	14927	491	266	2819	1421	1115	52	0	0	4256	6451	2755	22284	8663	1108	9871	1174	4307	19	1	70	1566	2215	7951	2817	2932	1873	488	6622	4477	29	25	4	536	2920	3163	7056	1242	1294	6422	3	5258	110	224	726	2039	1	4839	7268	10198	7643	167	758	4068	0	0	30	7371	2375	2561	1136	3161	2138	110	3331	2539	0	2	0	4324	669	4711	1720	3180	6361	12	0	3978	54	1	0	8123	1196	973	1083	3247	2938	8	538	0	2226	0	504	0
Fungi;Ascomycota;Dothideomycetes;Botryosphaeriales;?	6	0	2	0	0	13	0	1	1	0	73	0	2	0	0	0	4	14	22	0	58	0	202	0	2	0	0	0	88	34	97	9	7	0	15	0	0	0	0	0	10	15	1	91	0	1	97	0	4	0	0	4	50	0	2	21	65	83	0	0	2	0	0	0	2	6	5	0	190	0	1	1	2	0	0	0	2	0	1	47	4	286	0	0	0	2	0	0	22	5	0	6	30	42	0	8	0	13	0	2	0
Fungi;Ascomycota;Dothideomycetes;Botryosphaeriales;Aplosporellaceae	15	0	0	0	0	42	0	0	0	0	0	0	0	0	0	0	11	1	0	0	0	13	0	0	35	0	0	0	2	0	73	0	1	0	0	0	28	0	0	0	0	7	0	0	0	0	0	0	0	0	0	0	0	0	0	0	0	0	0	0	0	0	0	0	5	0	0	0	0	0	3	0	0	0	0	0	0	0	0	0	0	0	0	0	3	0	0	0	3	0	0	0	0	28	0	0	0	4	0	0	0
Fungi;Ascomycota;Dothideomycetes;Botryosphaeriales;Botryosphaeriaceae	169	0	1	0	88	648	138	102	17	0	104	1215	6	0	0	0	64	123	156	47	506	31	4	405	213	0	0	2	19	230	83	12	2	0	0	2	158	0	0	0	11	98	83	1	2	16	26	0	74	0	0	2	170	0	20	178	6	0	5	15	20	0	0	0	826	17	134	9	4	6	16	0	57	0	0	0	3	1	1	1	9	85	0	0	8	0	0	0	196	319	1	80	0	97	0	20	0	48	0	8	0
Fungi;Ascomycota;Dothideomycetes;Botryosphaeriales;Incertae sedis	1	0	0	0	0	0	0	0	0	0	0	1	0	0	0	0	0	0	0	0	0	1	1	2	0	0	0	0	0	0	1	0	1	0	0	1	0	0	0	0	0	3	3	0	0	0	0	0	0	0	0	0	0	0	0	0	2	0	0	0	0	0	0	0	0	0	0	0	0	0	0	0	1	0	0	0	7	0	0	0	0	135	0	0	0	0	0	0	12	0	0	0	0	0	0	0	0	2	0	1	0
Fungi;Ascomycota;Dothideomycetes;Capnodiales;?	71	0	0	0	1	10	0	0	0	0	0	0	2	0	0	0	6	9	1	9	0	0	0	0	5	0	0	0	0	0	39	5	0	0	17	0	5	0	0	0	0	0	0	0	0	0	0	0	71	0	0	0	28	0	1	0	9	1	0	0	1	0	0	0	6	0	1	13	0	0	0	0	0	0	0	0	2	21	0	0	0	0	0	0	0	0	0	0	0	0	0	0	0	0	0	0	0	1	0	0	0
Fungi;Ascomycota;Dothideomycetes;Capnodiales;Capnodiaceae	0	0	0	0	0	0	0	0	0	0	0	0	0	0	0	0	0	0	0	0	0	0	43	0	0	0	0	0	0	0	0	0	0	0	0	0	0	0	0	0	0	0	0	0	0	0	0	0	0	0	0	0	0	0	0	0	0	0	0	0	0	0	0	0	0	0	0	0	0	0	0	0	0	0	0	0	0	0	0	0	0	0	0	0	0	0	0	0	0	0	0	0	0	0	0	1	0	0	0	0	0
Fungi;Ascomycota;Dothideomycetes;Capnodiales;Davidiellaceae	21	0	1	0	14	106	7	144	236	3	648	0	0	4	0	0	230	140	2101	3436	35	3	136	11	16	204	0	2	113	58	844	5239	21942	0	86	36	8	20	0	1	32	169	569	7	844	7	127	0	95	3	2	11	34	0	416	4	320	1	13	16	44	0	0	0	16	8	246	125	2	0	1	5	18	0	0	0	60	6	275	3	23	283	0	0	38	17	0	0	31	5	1	3	368	2	0	8	0	269	0	49	0
Fungi;Ascomycota;Dothideomycetes;Capnodiales;Incertae sedis	727	0	0	0	0	0	0	0	0	0	0	0	6	0	0	0	1	0	0	9	0	0	0	0	0	1	0	0	0	0	0	0	258	0	0	0	1	0	0	0	0	0	0	0	0	0	0	0	0	0	0	0	0	0	0	0	1	0	0	0	0	0	0	0	0	0	1	7	0	0	0	28	0	0	0	0	0	0	0	0	0	0	0	0	1	0	0	0	7	0	0	0	1	0	0	0	0	10	0	0	0
Fungi;Ascomycota;Dothideomycetes;Capnodiales;Mycosphaerellaceae	184	0	0	0	4	58	58	261	25	6	0	24	53	1	0	0	14	44	19	1	98	0	7	15	300	0	1	1	8	25	61	0	4	35	20	49	43	5	0	0	18	263	29	868	258	0	209	0	27	0	0	82	36	0	23	0	99	2	1	0	25	0	0	0	28	25	22	10	38	0	0	43	32	0	0	0	70	0	53	17	34	0	0	0	0	0	0	0	65	22	11	0	1	13	0	7	0	42	0	7	0
Fungi;Ascomycota;Dothideomycetes;Capnodiales;Teratosphaeriaceae	13	0	0	3	0	5	0	0	5	0	0	1	1	0	0	0	2	0	2	0	0	0	0	0	0	0	0	0	2	313	151	0	2	0	0	0	7	0	0	3	8	8	1	2	0	0	0	0	0	0	0	0	12	0	18	0	2	0	9	0	0	0	0	0	10	0	100	1	0	0	0	0	0	0	0	0	5	0	0	179	1	0	0	0	0	0	0	0	1	3	0	0	0	0	0	4	0	9	0	2	0
Fungi;Ascomycota;Dothideomycetes;Capnodiales;unidentified	17	0	0	0	1	3	0	0	0	0	0	0	5	0	0	0	0	0	37	0	0	0	0	0	2	0	0	0	0	0	0	0	0	0	0	0	0	0	0	0	0	1	0	0	0	0	0	0	0	0	0	0	0	0	0	0	0	0	1	0	1	0	0	0	5	0	1	0	0	0	0	0	0	0	0	0	3	0	0	0	36	0	0	0	0	0	0	0	0	0	0	0	0	0	0	0	0	0	0	0	0
Fungi;Ascomycota;Dothideomycetes;Dothideales;Dothioraceae	149	0	0	0	3	27	104	214	32	0	1548	65	7	0	0	0	49	46	44	8	65	15	55	12	12	0	0	0	23	58	59	0	22	0	83	14	20	0	2	0	1	69	26	0	2	5	45	0	107	2	0	0	14	0	21	1	2	12	2	0	10	0	0	0	35	66	9	4	64	2	0	7	13	0	0	0	18	46	0	6	12	19	1	0	14	24	0	0	29	183	25	1	11	35	0	7	0	26	0	8	0
Fungi;Ascomycota;Dothideomycetes;Dothideales;unidentified	0	0	0	0	0	0	0	0	0	0	0	0	0	0	0	0	0	0	0	0	0	0	0	0	0	0	0	0	0	0	0	0	0	0	0	0	0	0	0	0	0	0	0	0	0	0	0	0	0	0	0	0	0	0	0	0	0	0	0	0	0	0	0	0	0	0	0	0	0	0	0	0	0	0	0	0	0	0	0	0	0	0	0	0	0	0	0	0	0	27	0	0	0	0	0	0	0	1	0	0	0
Fungi;Ascomycota;Dothideomycetes;Incertae sedis;?	0	0	0	0	0	0	0	0	0	0	0	0	0	0	0	0	0	0	0	0	0	0	0	0	0	0	0	0	0	0	0	0	0	0	4	0	0	0	0	0	0	0	7	0	0	0	0	0	0	0	0	0	0	0	4	0	0	0	0	0	0	0	0	0	0	0	0	0	0	0	0	0	0	0	0	0	0	0	0	0	0	1	0	0	0	0	0	0	0	0	0	1	0	0	0	0	0	0	0	0	0
Fungi;Ascomycota;Dothideomycetes;Incertae sedis;Micropeltidaceae	0	0	0	0	0	0	0	0	0	0	0	0	0	0	0	0	0	0	0	0	0	0	0	0	0	0	0	0	0	0	0	0	0	0	0	0	0	0	0	0	0	0	0	0	0	0	0	0	0	0	0	0	0	0	0	0	0	0	0	0	0	0	0	0	0	0	0	0	0	0	0	0	0	0	0	0	0	0	0	0	0	0	0	0	0	0	0	0	10	0	0	0	0	0	0	0	0	0	0	0	0
Fungi;Ascomycota;Dothideomycetes;Incertae sedis;Myxotrichaceae	0	0	0	0	3	0	0	0	1	0	0	0	0	0	0	0	0	0	0	0	32	0	0	0	0	0	0	0	0	0	0	0	0	2	0	8	0	0	0	0	0	0	0	0	0	0	0	0	0	0	1	0	0	0	0	0	1	0	0	0	0	0	0	0	0	0	0	0	0	0	0	0	0	0	0	0	1	0	0	0	13	0	0	0	0	0	0	0	0	0	0	0	187	0	0	3	0	1	0	2	0
Fungi;Ascomycota;Dothideomycetes;Incertae sedis;Pseudeurotiaceae	0	0	0	0	0	0	0	0	50	0	0	0	0	0	0	0	0	0	0	0	0	0	0	0	0	0	0	0	0	0	0	0	0	0	0	0	0	0	0	0	0	0	0	0	0	0	0	0	0	0	0	0	0	0	0	0	0	0	0	0	1	0	0	0	0	0	0	0	0	0	0	0	0	0	0	0	0	0	0	0	0	0	0	0	0	0	0	0	0	0	0	0	0	0	0	0	0	1	0	0	0
Fungi;Ascomycota;Dothideomycetes;Jahnulales;?	15	0	0	0	12	27	0	250	0	1	0	0	13	0	0	0	42	2	1	0	0	2	2	0	1041	0	0	0	12	13	0	0	1	0	0	0	24	0	0	0	1	13	0	0	0	0	1	0	119	2	0	0	1	0	6	196	99	0	3	0	22	0	0	0	1	1	4	5	9	20	0	14	29	0	0	0	7	0	0	0	9	0	0	0	68	0	0	0	28	0	30	0	6	0	0	9	0	5	0	12	0
Fungi;Ascomycota;Dothideomycetes;Jahnulales;Aliquandostipitaceae	0	0	0	0	0	0	0	0	0	0	0	0	0	0	0	0	0	0	0	0	0	0	0	0	0	0	0	0	0	0	0	0	0	0	0	0	0	0	0	0	0	0	0	0	0	0	0	0	0	0	0	0	0	0	0	0	0	0	0	12	0	0	0	0	0	0	0	0	0	0	0	0	0	0	0	0	0	0	0	0	0	0	0	0	0	0	0	0	0	0	0	0	0	0	0	0	0	0	0	0	0
Fungi;Ascomycota;Dothideomycetes;Patellariales;Patellariaceae	0	0	0	0	0	0	0	0	0	0	0	3	0	0	0	0	0	0	1	0	0	0	0	11	11	0	0	0	0	0	17	0	0	0	0	0	6	0	0	0	0	0	0	0	0	0	0	0	1	0	0	0	0	0	0	0	0	0	0	0	0	0	0	0	0	0	2	0	0	0	0	0	0	0	0	0	0	0	0	0	0	0	0	0	0	0	0	0	0	0	0	0	0	0	0	0	0	1	0	0	0
Fungi;Ascomycota;Dothideomycetes;Pleosporales;?	21389	0	1	4	254	1235	908	846	52	263	2864	315	845	1	0	0	444	764	1710	336	1176	604	3134	368	2557	19	1	20	267	446	1714	197	1697	213	149	1076	1662	4	22	1	391	1056	364	632	363	142	1791	1	830	11	46	76	1034	0	982	1371	7833	1361	102	499	524	1	0	2	584	305	1333	270	1005	1761	15	836	739	0	0	0	2694	730	26	726	563	914	14	0	404	43	0	0	2572	3260	108	708	886	1533	1	106	0	583	0	128	0
Fungi;Ascomycota;Dothideomycetes;Pleosporales;Cucurbitariaceae	0	0	0	0	0	0	0	0	0	0	0	40	0	0	0	0	2	7	9	0	0	0	146	1	0	0	0	0	17	0	105	0	0	0	0	0	0	0	0	0	0	7	51	0	0	0	23	0	0	0	0	0	0	0	10	0	0	258	1	0	1	0	0	1	0	0	16	0	0	0	0	18	0	0	0	0	0	0	2	0	0	26	0	0	0	0	0	0	0	1	0	0	0	22	0	0	0	4	0	1	0
Fungi;Ascomycota;Dothideomycetes;Pleosporales;Incertae sedis	681	0	0	5	200	1137	1100	180	4231	48	1164	1089	266	19	0	0	377	728	757	1352	2912	451	1955	479	776	6	0	17	234	864	1435	440	752	347	150	1610	415	5	15	3	97	1029	758	2421	150	244	2729	6	617	7	56	212	648	1	493	486	1244	1523	15	712	417	0	0	3	1039	162	331	74	704	1463	22	3874	232	0	0	0	1139	429	1316	646	478	695	2	0	348	15	0	0	1195	733	45	668	780	1480	4	88	0	313	0	58	0
Fungi;Ascomycota;Dothideomycetes;Pleosporales;Leptosphaeriaceae	2	0	0	0	0	35	0	0	0	4	0	104	3	0	0	0	5	15	25	0	0	1	18	0	9	0	0	0	18	8	10	0	1	0	0	101	18	0	0	0	0	0	0	0	21	30	19	0	0	0	3	0	18	0	0	0	1	60	0	0	0	0	0	0	100	0	1	5	0	26	0	7	2	0	0	0	14	0	0	0	55	15	0	0	3	0	0	0	6	0	0	0	33	26	0	2	0	7	0	2	0
Fungi;Ascomycota;Dothideomycetes;Pleosporales;Lophiostomataceae	1	0	0	0	0	3	0	1	1	0	215	0	0	0	0	0	1	1414	21	1	0	3	467	0	1	0	0	0	47	33	327	0	1	25	26	0	0	0	0	0	20	18	314	1	1	0	322	0	1	0	0	0	5	0	230	0	5	2	6	0	0	0	0	0	0	0	103	4	0	2	0	0	0	0	2	0	1	0	1	0	1	366	0	0	1	8	0	0	2	1	2	0	0	44	1	12	0	21	0	11	0
Fungi;Ascomycota;Dothideomycetes;Pleosporales;Massarinaceae	1	0	0	0	1	4	0	0	0	36	1	0	2	1	0	0	4	1	0	0	0	9	0	0	3	0	0	0	0	0	51	0	0	0	0	0	1	0	4	0	0	0	3	37	0	0	0	0	2	0	0	3	0	1	6	36	73	0	0	0	0	0	0	0	1	20	0	3	0	0	4	0	0	0	0	0	0	46	130	1	0	1	0	0	7	0	0	0	1	57	0	15	0	0	0	2	0	15	0	1	0
Fungi;Ascomycota;Dothideomycetes;Pleosporales;Montagnulaceae	77	0	1	1	30	294	396	1545	24	16	93	163	30	3	0	0	163	184	369	740	71	552	201	30	547	14	0	13	53	80	840	156	936	393	19	3529	71	17	2	1	40	151	17	286	1010	98	40	1	166	1	115	32	397	0	126	1520	410	606	13	41	70	0	0	0	130	219	216	44	101	511	7	714	96	0	0	0	215	165	246	423	161	283	0	0	53	5	0	0	707	276	118	160	115	163	3	45	0	110	0	29	0
Fungi;Ascomycota;Dothideomycetes;Pleosporales;Phaeosphaeriaceae	3	0	0	0	0	5	0	2	5	0	51	1	2	0	0	0	1	13	443	1	0	1	425	17	4	3	0	0	109	24	2843	0	418	1	59	0	1	3	0	1	31	6	936	2	188	0	19	0	2	0	0	0	1	0	524	1	1	0	12	0	10	0	0	0	7	1	108	13	0	0	0	32	3	0	0	0	40	0	1	0	1	20	0	0	1	0	0	0	2	8	0	4	1	7	0	3	0	32	0	8	0
Fungi;Ascomycota;Dothideomycetes;Pleosporales;Pleosporaceae	537	0	3	2	171	962	1101	609	7	2	62	360	393	2	0	0	386	233	614	392	480	499	208	173	732	17	0	7	137	268	538	85	2010	53	15	278	1251	5	0	1	50	153	33	1251	123	109	5	0	878	3	7	116	353	0	65	2057	292	1381	8	518	859	0	0	3	389	152	186	115	627	89	22	933	345	0	0	0	356	3	175	509	632	827	2	0	239	2	0	0	367	689	74	59	181	29	1	60	0	191	0	48	0
Fungi;Ascomycota;Dothideomycetes;Pleosporales;Sporormiaceae	37	0	5	0	41	64	3	348	33	32	364	268	2944	1	0	0	13	71	46	24	703	1635	979	233	63	2	0	4	48	175	168	26	114	364	21	6650	38	0	0	0	9	21	758	65	5	68	191	0	105	0	230	13	54	0	1815	25	954	329	6	121	192	0	0	1	69	22	52	50	31	326	1	1305	66	0	1	0	45	2	2	46	368	634	2	0	39	5	0	0	418	31	0	59	698	406	1	60	0	190	0	47	0
Fungi;Ascomycota;Dothideomycetes;Pleosporales;Tubeufiaceae	14	0	0	0	10	56	0	66	59	15	2	31	127	0	0	0	1	25	19	0	76	0	49	46	15	0	0	1	39	13	86	1	3	0	21	28	45	2	0	0	1	50	27	1	235	16	78	0	204	0	1	0	742	0	37	0	27	253	4	0	66	0	0	1	229	162	13	12	160	146	0	46	17	0	0	0	163	0	4	0	21	26	0	0	22	0	0	0	102	0	0	2	10	20	0	7	0	18	0	2	0
Fungi;Ascomycota;Dothideomycetes;Pleosporales;Venturiaceae	12	0	0	0	12	64	37	4	95	2	0	14	1	0	0	2	23	30	243	1	0	0	69	45	65	0	0	0	20	9	0	0	0	0	5	49	1	0	0	0	32	25	16	0	0	0	35	0	5	0	5	0	11	0	12	24	96	32	3	1	4	0	0	0	15	12	54	1	0	40	1	254	3	0	0	0	14	0	0	4	0	222	0	0	4	0	0	0	12	102	0	0	12	15	0	6	0	7	0	4	0
Fungi;Ascomycota;Dothideomycetes;Pleosporales;unidentified	338	0	3	1	63	858	16	253	109	406	1000	258	100	3	0	0	353	1428	674	75	342	277	1909	219	932	4	0	33	204	551	3854	599	628	113	219	3531	192	6	0	2	72	939	465	483	391	205	432	0	555	27	109	37	862	0	235	59	1395	2612	22	659	261	0	0	5	362	131	278	105	7	978	9	366	464	0	0	0	502	29	31	17	94	2263	1	0	1186	27	0	0	2977	514	5	53	261	1430	2	67	0	240	0	58	0
Fungi;Ascomycota;Dothideomycetes;Venturiales;Sympoventuriaceae	0	0	0	0	0	0	0	0	0	0	0	0	0	0	0	0	0	0	0	0	0	0	0	0	0	0	0	0	0	0	0	0	0	0	0	0	0	0	0	0	0	5	0	0	0	0	0	0	0	0	0	0	1	0	0	0	0	0	0	0	0	0	0	0	0	0	0	0	0	0	0	0	0	0	0	0	0	0	0	0	0	0	0	0	0	0	0	0	0	0	0	0	0	0	0	0	0	0	0	0	0
Fungi;Ascomycota;Dothideomycetes;unidentified;?	3	0	0	0	0	6	1	0	0	0	0	0	14	5	0	0	21	11	0	0	0	1	0	0	19	0	1	0	2	1	30	134	0	0	2	15	4	0	3	0	0	3	0	0	0	0	0	0	4	3	0	0	0	0	1	0	184	22	1	0	7	0	0	1	44	41	0	7	0	0	0	0	6	0	0	0	8	127	237	0	24	0	0	0	23	0	0	0	36	0	0	1	2	3	0	0	0	8	0	3	0
Fungi;Ascomycota;Dothideomycetes;unidentified;unidentified	7793	0	1	1	149	506	1901	1072	1780	267	1003	154	100	29	0	0	926	358	1770	1270	15747	72	309	81	2997	68	0	9	224	264	1370	560	8193	4	49	128	281	13	26	0	132	626	576	4437	903	66	372	1	834	44	11	516	75	0	1217	952	1638	334	135	59	561	0	0	2	843	167	2552	359	186	665	8	273	199	0	1	0	608	952	757	1307	190	276	5	0	2089	19	0	0	700	2703	66	276	2359	2177	3	100	0	537	0	140	0
Fungi;Ascomycota;Eurotiomycetes;?;?	183	1	5	0	161	1957	1779	5514	231	2269	533	125	184	10	0	3	669	135	2037	1076	1359	306	366	1679	263	6	0	3	450	138	5292	361	1376	636	29	1189	288	11	7	3	284	786	1211	5298	826	859	1390	3	7485	17	37	553	975	5	2663	3529	1856	601	39	269	189	0	0	2	175	2889	570	1142	141	1085	39	392	214	0	1	0	301	135	1129	3210	3696	490	3	0	853	11	0	0	387	744	22	1563	1337	808	5	236	0	717	0	166	0
Fungi;Ascomycota;Eurotiomycetes;Chaetothyriales;?	72	0	0	0	297	226	1642	744	1060	671	30	23	49	0	0	0	111	47	259	557	244	41	98	52	1347	6	0	0	670	68	782	506	441	72	43	196	24	173	0	1	266	347	187	3561	9180	77	122	0	276	3	10	353	102	0	785	165	123	63	19	48	57	0	0	0	51	202	240	237	7	27	8	284	34	0	0	0	80	73	12	960	411	30	0	0	141	1	0	0	61	252	212	71	10617	206	2	95	0	366	0	98	0
Fungi;Ascomycota;Eurotiomycetes;Chaetothyriales;Chaetothyriaceae	9	0	1	0	0	49	0	1	0	0	0	0	0	0	0	0	0	30	4	0	0	0	12	0	1	0	0	0	2	0	121	0	0	0	1	0	0	0	0	0	5	11	212	0	61	0	0	0	0	0	0	0	7	0	21	0	0	21	2	1	3	0	0	1	4	0	2	0	1	0	2	0	1	0	0	0	0	0	0	0	0	300	0	0	0	0	0	0	3	0	0	0	0	1	0	1	0	6	0	2	0
Fungi;Ascomycota;Eurotiomycetes;Chaetothyriales;Herpotrichiellaceae	22	5	0	2	809	13427	1163	2158	32	7431	120	47	197	10	0	37	226	49	345	7502	219	472	76	182	105	9	0	0	5019	23	5227	104	1125	583	24	62	56	3	3	1	17	89	21060	13719	114	19116	334	1	24629	165	6	1481	150	0	12608	1309	1170	138	38	16	86	0	2	0	26	2252	562	11527	359	7	259	285	64	0	8	0	62	109	1000	14803	1347	180	13	0	6792	5	4	0	59	72	90	89	30172	54	9	444	0	2612	0	376	0
Fungi;Ascomycota;Eurotiomycetes;Chaetothyriales;Incertae sedis	17	0	0	0	0	4	0	0	0	0	0	2	0	0	0	0	4	10	34	0	0	0	0	0	0	0	0	0	0	39	0	0	1	0	0	4	0	3	0	0	0	20	4	1	72	0	0	0	0	0	0	0	18	0	0	0	0	0	0	0	0	0	0	0	0	4	1	1	0	0	0	0	0	0	0	0	31	0	0	0	0	0	0	0	0	0	0	0	4	0	0	0	0	0	0	0	0	1	0	2	0
Fungi;Ascomycota;Eurotiomycetes;Chaetothyriales;unidentified	3	0	0	0	4	49	3024	1	172	47	1	7	30	0	0	0	11	2	36	22	100	11	46	1	1	2	0	0	169	5	119	96	3	1	1	4	1	0	0	0	5	7	63	44	4	3	13	0	3	2	0	7	22	0	824	117	44	21	338	1	12	0	0	0	6	15	4879	19	0	84	0	263	0	0	0	0	20	0	0	0	2	2	0	0	56	0	0	0	4	42	1	6	9	1	1	58	0	85	0	27	0
Fungi;Ascomycota;Eurotiomycetes;Eurotiales;?	4	0	0	0	5	40	406	124	91	9	147	51	0	0	0	0	13	4	2	308	7	4	265	9	6	19	0	0	19	9	64	2074	2191	2	39	12	4	0	0	0	106	14	526	39	1	8	114	0	2	0	2	14	706	0	26	268	23	0	44	57	19	0	0	0	5	231	789	18	1	1	2	1	16	0	0	0	0	50	1	423	2	99	0	0	3	6	0	0	4	2049	6	31	3	16	0	21	0	101	0	10	0
Fungi;Ascomycota;Eurotiomycetes;Eurotiales;Incertae sedis	0	0	0	0	0	0	0	0	42	0	0	0	0	0	0	0	0	0	0	0	0	0	0	0	0	0	0	0	0	0	0	0	0	0	0	0	0	0	0	0	0	0	0	0	0	0	18	0	0	0	0	0	0	0	0	0	0	0	0	0	4	0	0	0	0	0	0	0	0	0	0	0	0	0	0	0	0	0	0	0	0	0	0	0	0	0	0	0	0	0	0	0	0	0	0	0	0	2	0	0	0
Fungi;Ascomycota;Eurotiomycetes;Eurotiales;Trichocomaceae	1029	1	435	199	1334	1847	11326	32165	14087	4036	34371	59084	552	44	0	20	11921	1283	16518	12716	13114	2306	13977	20115	712	54	0	20	4180	2410	18780	8810	8859	28986	3139	24341	1720	1445	2008	7	4520	1200	75650	9955	81429	11486	24625	1785	1584	39	867	1076	13713	17	13325	6046	55697	20359	628	17710	3253	1	0	63	1886	4143	9910	6474	45102	15165	65	23987	1099	4	16	0	2531	86011	2769	12492	15777	92140	154	0	732	651	6	0	2102	15241	4841	4835	8315	16929	34	3350	0	5756	0	1498	0
Fungi;Ascomycota;Eurotiomycetes;Eurotiales;unidentified	361	1	4	0	56	371	3540	1236	936	1680	486	5770	10	10	0	1	223	90	3469	5300	2137	400	593	362	94	13	0	23	67	176	2555	887	3147	2773	51	913	59	1	4	4	205	102	1035	2895	13	192	896	1	618	3	34	282	7035	0	326	2032	2737	891	36	88	350	0	0	4	329	677	539	455	480	391	4	600	252	0	1	0	151	151	803	1500	226	1804	2	0	91	16	0	0	1963	7583	54	8720	283	435	2	233	0	398	0	96	0
Fungi;Ascomycota;Eurotiomycetes;Incertae sedis;?	0	0	0	0	0	0	0	0	0	0	0	0	0	0	0	0	0	0	0	0	0	0	2	0	0	0	0	0	0	0	22	0	0	0	0	0	2	0	0	0	0	0	125	0	0	0	0	0	2	0	0	0	0	0	0	0	0	0	0	0	1	0	0	0	0	0	2	0	0	0	0	0	0	0	0	0	0	0	0	0	0	0	0	0	0	0	0	0	0	0	0	0	0	0	0	0	0	1	0	0	0
Fungi;Ascomycota;Eurotiomycetes;Onygenales;?	23	0	0	0	0	125	24	385	0	6	41	1	4	0	0	0	3	19	13	27	346	70	130	0	2	0	0	0	38	11	32	29	46	40	0	56	53	0	0	0	15	3	1	15	1	0	103	0	4	0	1	1	55	1	11	50	321	112	0	35	136	0	0	0	21	8	26	3	0	26	4	59	8	0	0	0	59	0	4	0	20	78	0	0	0	2	0	0	40	20	41	0	17	280	0	9	0	17	0	5	0
Fungi;Ascomycota;Eurotiomycetes;Onygenales;Ajellomycetaceae	0	0	0	0	0	0	0	0	0	16	0	0	0	0	0	0	0	0	0	0	0	0	0	0	0	0	0	0	0	0	37	0	0	0	0	0	0	0	0	0	0	0	0	0	0	0	0	0	0	0	0	0	0	0	0	0	0	0	0	0	0	0	0	0	0	0	0	0	0	0	0	0	0	0	0	0	0	0	0	0	0	0	0	0	0	0	0	0	0	0	0	0	0	0	0	0	0	1	0	0	0
Fungi;Ascomycota;Eurotiomycetes;Onygenales;Gymnoascaceae	0	0	0	0	0	0	0	62	0	0	0	0	0	0	0	0	0	0	0	49	0	2	0	0	0	0	0	0	3	0	75	9	0	0	0	0	4	0	0	0	0	0	2	107	1	0	0	0	0	0	0	12	0	0	0	6	80	13	0	0	0	0	0	0	0	0	0	0	0	0	0	0	0	0	0	0	0	0	0	0	0	0	0	0	3	0	0	0	0	0	0	8	0	0	0	4	0	5	0	1	0
Fungi;Ascomycota;Eurotiomycetes;Onygenales;Incertae sedis	0	0	0	0	0	0	0	0	0	0	0	0	0	0	0	0	0	0	0	0	0	0	0	0	0	0	0	0	0	0	0	0	0	0	0	0	0	0	0	0	0	8	4	0	0	0	0	0	0	0	0	0	0	0	0	0	0	0	0	0	0	0	0	0	0	0	0	0	0	0	0	0	0	0	0	0	0	0	0	0	0	0	0	0	0	0	0	0	0	0	0	0	0	0	0	0	0	0	0	0	0
Fungi;Ascomycota;Eurotiomycetes;Onygenales;Onygenaceae	0	0	0	0	25	7	0	1	0	20	0	7	0	0	0	0	1	2	5	0	51	0	103	2	0	0	0	0	4	4	74	0	7	1	0	9	0	0	0	0	0	2	647	42	1	0	0	0	0	0	0	3	15	0	22	1	180	15	0	0	0	0	0	0	0	1	6	93	124	0	0	0	0	0	0	0	2	0	0	74	1	13	0	0	0	0	0	0	0	0	0	1	48	42	0	2	0	5	0	3	0
Fungi;Ascomycota;Eurotiomycetes;unidentified;?	0	0	0	0	0	0	4	0	0	0	0	0	0	0	0	0	0	0	0	0	0	0	0	0	0	0	0	0	0	1	0	0	0	0	0	0	0	0	0	0	0	0	0	0	0	0	0	0	28	0	0	0	0	0	0	0	0	0	0	0	0	0	0	0	0	0	0	3	0	0	0	0	0	0	0	0	0	0	0	0	0	0	0	0	0	0	0	0	0	12	0	0	0	1	0	3	0	0	0	0	0
Fungi;Ascomycota;Eurotiomycetes;unidentified;unidentified	0	0	0	0	0	0	0	0	0	1	0	0	0	0	0	0	0	0	0	0	0	0	0	0	0	0	0	0	0	0	0	0	0	0	0	0	32	0	0	0	0	0	3	0	0	0	0	0	323	0	0	0	0	0	0	0	0	0	0	0	0	0	0	0	0	0	3	2	0	0	0	0	0	0	0	0	0	0	0	0	0	0	0	0	1	0	0	0	0	0	0	0	0	0	0	0	0	3	0	0	0
Fungi;Ascomycota;Incertae sedis;?;?	11	0	0	3	3	17	121	24	1	1	67	256	3	0	0	0	32	5	41	8	19	24	43	84	193	0	0	0	11	7	14	4	71	69	25	181	3	3	0	0	3	8	130	14	135	21	42	0	62	0	6	2	23	0	18	8	332	52	0	53	16	0	0	0	60	10	34	3	877	44	1	448	3	0	0	0	13	0	45	2	28	144	0	0	32	3	0	0	24	2	9	119	30	16	0	8	0	71	0	8	0
Fungi;Ascomycota;Incertae sedis;Incertae sedis;?	14	0	0	0	0	1	15	67	0	3	153	29	3	0	0	0	54	2	10	7	0	18	2	22	287	0	0	0	55	10	25	0	1	83	0	64	4	0	0	0	13	0	0	22	0	4	0	0	35	0	2	2	22	0	2	1	0	67	2	29	12	0	0	0	11	0	12	1	24	1	0	783	1	0	0	0	14	0	80	0	21	0	0	0	42	0	0	0	32	3	12	11	31	16	0	5	0	17	0	3	0
Fungi;Ascomycota;Incertae sedis;Incertae sedis;Incertae sedis	23	0	0	0	67	732	42	50	124	24	257	122	12	0	0	1	8	81	106	236	521	60	903	110	110	0	0	1	101	76	411	245	69	75	54	307	48	0	0	0	27	106	728	363	15	153	668	0	80	3	14	45	227	0	516	213	268	583	22	27	26	0	0	2	66	68	327	120	164	175	13	434	40	0	0	0	28	1	4	169	71	560	0	0	14	4	0	0	61	100	15	306	112	253	1	23	0	97	0	20	0
Fungi;Ascomycota;Lecanoromycetes;?;?	18	0	0	0	37	11	1	1	913	0	1	0	8	0	0	0	1	5	0	10	6	21	0	0	8	0	0	0	0	0	5	0	5	3	1	87	0	0	0	0	1	6	0	811	0	5	4	0	16	0	3	81	0	0	1	49	26	6	0	11	172	0	0	0	8	0	4	4	0	0	0	1	1	0	0	0	15	1	0	0	61	0	0	0	0	0	0	0	9	18	0	0	1483	0	0	24	0	24	0	13	0
Fungi;Ascomycota;Lecanoromycetes;Lecanorales;?	0	0	0	0	0	0	0	0	0	0	0	0	0	0	0	0	0	0	0	0	0	0	0	22	0	0	0	0	0	0	0	0	0	0	0	0	4	0	0	0	0	0	0	0	0	0	0	0	0	0	0	0	0	0	0	0	0	0	0	0	0	0	0	0	0	0	0	0	0	0	0	0	0	0	0	0	0	0	0	0	0	0	0	0	0	0	0	0	0	0	0	0	0	0	0	0	0	0	0	0	0
Fungi;Ascomycota;Lecanoromycetes;Ostropales;Stictidaceae	0	0	0	0	0	0	0	0	0	0	0	0	0	0	0	0	1	0	0	0	0	0	0	0	0	0	0	0	0	0	0	0	0	0	0	0	0	0	0	0	0	0	0	0	0	0	0	0	0	0	0	0	0	0	0	0	0	0	0	0	0	0	0	0	0	0	0	0	0	0	0	8	0	0	0	0	0	0	0	0	0	0	0	0	0	0	0	0	0	0	0	0	0	0	0	0	0	0	0	0	0
Fungi;Ascomycota;Lecanoromycetes;Pertusariales;Icmadophilaceae	0	0	0	0	0	0	27	0	0	0	0	0	0	0	0	0	0	0	0	0	0	0	0	0	1	0	0	0	0	0	0	0	0	0	0	0	0	0	0	0	0	0	0	0	0	0	0	0	0	0	0	0	0	0	0	0	0	0	0	0	0	0	0	0	0	0	0	3	0	0	0	0	0	0	0	0	0	0	0	0	0	0	0	0	0	0	0	0	0	0	0	0	0	0	0	0	0	1	0	0	0
Fungi;Ascomycota;Leotiomycetes;?;?	29	0	0	1	18	40	75	2	119	2	50	1	8	1	0	0	19	77	330	1	0	1	189	0	210	0	0	0	21	31	44	0	4	42	10	52	52	0	4	0	9	48	93	141	1	0	155	0	122	0	2	17	25	0	45	0	780	56	2	136	129	0	0	0	1470	20	15	20	96	4	1	320	22	0	0	0	42	140	10	0	0	65	1	0	6	0	0	0	7	0	0	1	0	588	0	8	0	37	0	11	0
Fungi;Ascomycota;Leotiomycetes;Helotiales;?	2	0	0	0	3	9	0	0	0	0	29	0	1	0	0	0	3	13	5	1	1	0	39	0	1	0	0	1	6	7	25	1	9	7	0	33	4	0	0	0	2	5	16	0	1	0	61	0	10	0	1	0	12	0	10	0	2	9	0	1	299	0	0	0	6	36	1	8	44	0	0	0	3	0	0	0	6	0	0	0	0	5	0	0	8	0	0	0	266	0	0	1	0	3	0	2	0	10	0	7	0
Fungi;Ascomycota;Leotiomycetes;Helotiales;Helotiaceae	7	0	0	0	0	0	0	0	0	0	0	0	0	0	0	0	0	0	0	0	0	0	0	0	0	0	0	0	0	0	0	0	0	0	0	0	0	0	0	0	0	0	0	0	0	0	0	0	0	0	0	0	0	0	0	0	0	0	0	0	0	0	0	0	0	0	0	0	0	138	0	0	0	0	0	0	0	0	0	0	0	0	1	0	0	0	0	0	0	0	0	0	0	0	0	0	0	0	0	2	0
Fungi;Ascomycota;Leotiomycetes;Helotiales;Hyaloscyphaceae	0	0	0	0	0	0	0	0	0	0	0	0	0	0	0	0	0	0	0	0	0	0	0	0	0	0	0	0	0	0	0	0	0	4	0	0	0	0	0	0	0	0	0	0	0	0	0	0	0	0	0	0	0	0	0	0	0	0	0	0	0	0	0	0	0	0	0	0	0	0	0	0	0	0	0	0	0	0	0	0	0	0	0	0	0	0	0	0	0	0	0	0	0	0	0	0	0	0	0	0	0
Fungi;Ascomycota;Leotiomycetes;Helotiales;Incertae sedis	35	0	5	0	27	130	42	0	338	48	315	107	13	0	0	0	111	143	165	19	502	25	929	0	250	1	0	1	111	51	486	2	58	294	43	1033	47	0	1	0	24	78	299	19	4	18	443	2	45	4	35	0	149	0	437	200	619	231	17	44	468	0	0	1	225	149	223	17	61	165	4	48	42	0	2	0	159	51	4	582	66	445	1	0	29	3	0	0	337	235	0	32	11	99	0	9	0	60	0	9	0
Fungi;Ascomycota;Leotiomycetes;Helotiales;unidentified	0	0	0	0	0	0	0	0	0	115	0	0	0	0	0	0	0	1	0	0	0	0	0	0	0	0	0	0	0	0	0	0	0	0	0	0	0	0	0	0	0	0	0	1	0	0	0	0	0	0	0	0	0	0	0	0	0	0	0	0	0	0	0	0	0	0	0	0	0	0	0	0	0	0	0	0	0	0	0	0	0	0	0	0	0	0	0	0	0	0	0	0	0	0	0	0	0	2	0	3	0
Fungi;Ascomycota;Leotiomycetes;Incertae sedis;?	0	0	0	0	0	2	0	121	0	0	0	0	0	0	0	0	0	0	0	8	0	0	0	0	2	0	0	1	0	1	0	0	0	0	0	7	9	0	0	0	0	6	4	0	0	0	0	0	4	0	0	0	58	0	0	0	0	0	0	0	15	0	0	0	2	5	0	1	0	0	0	0	7	0	0	0	0	0	0	0	0	0	0	0	0	0	0	0	6	19	0	0	1	0	0	0	0	2	0	2	0
Fungi;Ascomycota;Leotiomycetes;Thelebolales;?	0	0	0	0	0	1	0	0	0	0	0	0	0	0	0	0	0	0	0	0	0	0	0	0	0	0	0	0	0	0	0	0	0	0	0	0	0	0	0	0	0	0	0	0	0	0	0	0	9	0	0	0	1	0	0	0	0	0	0	0	0	0	0	0	4	4	0	1	0	0	0	0	0	0	0	0	0	0	0	0	0	0	0	0	0	0	0	0	0	1	0	1	0	0	0	0	0	0	0	0	0
Fungi;Ascomycota;Orbiliomycetes;?;?	664	0	1	0	5	499	94	1	1	2	1	122	43	0	0	0	6	14	4997	32	2	26	0	19	23	0	0	0	56	402	921	0	6	42	2	0	109	0	0	1	13	172	636	4	1	2	0	0	458	0	0	0	307	0	54	105	43	0	10	25	412	0	0	0	105	8	65	47	1	1	10	3	5	0	0	0	364	1	2	13	4	104	0	0	6	0	0	0	213	43	0	1	5	0	0	5	0	45	0	14	0
Fungi;Ascomycota;Orbiliomycetes;Orbiliales;?	17	0	0	0	2	6	0	0	2	2	0	71	1	2	0	0	1	0	49	1	0	1	13	0	23	0	0	0	6	37	78	0	0	0	1	0	7	0	0	0	5	13	4099	0	0	0	45	0	4	0	0	0	13	0	0	1	199	0	0	8	1	0	0	0	4	1	18	14	2	0	0	0	5	0	0	0	8	1	209	0	0	0	0	0	0	0	0	0	14	0	0	0	0	0	0	0	0	13	0	6	0
Fungi;Ascomycota;Orbiliomycetes;Orbiliales;Orbiliaceae	1	0	0	0	37	0	0	0	0	0	0	0	1	3	0	0	4	1	63	0	2	1	0	0	7	0	0	0	0	3	38	0	1	0	0	0	2	0	0	0	0	0	112	1	0	0	0	0	0	0	0	0	66	0	0	64	183	0	0	0	0	0	0	0	11	0	3	17	1	0	0	0	0	0	0	0	6	0	111	0	0	0	0	0	0	0	0	0	1	0	0	0	1397	0	0	0	0	10	0	1	0
Fungi;Ascomycota;Orbiliomycetes;unidentified;?	0	0	0	0	0	0	0	0	0	0	0	0	0	0	0	0	0	0	0	0	0	0	0	0	0	0	0	0	5	4	0	0	0	0	10	0	0	0	0	0	0	7	0	0	0	0	9	0	0	0	0	0	0	0	0	0	0	0	0	0	0	0	0	0	0	0	1	0	0	0	0	0	0	0	0	0	0	0	0	0	0	0	0	0	0	0	0	0	0	0	0	0	0	0	0	0	0	0	0	0	0
Fungi;Ascomycota;Pezizomycetes;?;?	74	0	0	0	14360	1707	259	415	4	9	0	0	218	0	0	0	800	823	10	5	2175	20	81	0	33	0	0	111	276	53	905	33	28	0	4	1	182	7	1	0	29	733	5	314	142	0	102	0	82	15	0	26	11	0	47	614	1	0	7	3	239	0	0	0	121	151	37	285	13	26	38	64	326	0	0	0	208	75	30	4	56	17	1	0	341	1	0	0	12437	1434	2	22	13	711	0	12	0	222	0	262	0
Fungi;Ascomycota;Pezizomycetes;Pezizales;Pezizaceae	23	0	0	0	0	4	5	0	0	0	0	0	0	0	0	0	1	2	0	0	0	0	0	0	0	0	0	0	1	1	0	0	0	0	0	1	0	0	0	0	0	4	0	0	0	0	0	0	1	0	0	0	1	0	1	0	0	0	0	0	0	0	0	0	0	0	0	0	0	0	0	0	12	0	0	0	0	0	0	0	0	0	0	0	0	0	0	0	0	19	0	0	0	0	0	0	0	1	0	0	0
Fungi;Ascomycota;Pezizomycetes;Pezizales;Pyronemataceae	0	0	0	0	0	2	0	0	0	0	0	0	0	0	0	0	6	5	0	0	0	0	26	85	0	0	0	1	1	0	0	0	11	198	0	0	0	2	0	0	0	0	0	1	283	0	0	0	0	0	0	0	4	0	0	0	0	30	0	0	0	0	0	0	4	0	1	3	0	0	0	0	1	0	0	0	0	0	0	0	0	0	0	0	2	0	0	0	61	0	0	0	0	0	0	2	0	3	0	0	0
Fungi;Ascomycota;Pezizomycetes;Pezizales;Sarcosomataceae	0	0	0	0	0	0	0	0	0	0	0	0	0	0	0	0	0	0	1	0	0	0	0	0	42	0	0	0	0	0	0	0	0	0	0	0	0	0	0	0	0	0	0	0	0	0	0	0	0	0	0	0	0	0	0	0	0	0	0	0	0	0	0	0	0	0	0	0	0	0	0	0	0	0	0	0	0	0	0	0	0	0	0	0	7	0	0	0	0	0	0	0	0	0	0	0	0	1	0	0	0
Fungi;Ascomycota;Saccharomycetes;Saccharomycetales;Debaryomycetaceae	4	0	1	0	3	6	3	9	4	5	14	2	3	0	0	0	5	1	5	8	11	2	4	2	2	1314	0	0	1	6	8	11	197509	8	7	8	16	18	0	0	4	9	2	154	855	3	16	2	14	1	1	10	4	0	5	17	15	12	6	169	3	0	0	0	2	4	77	4	8	5	0	9	6	0	0	0	4	15	4	11	6	12	4	0	2	0	0	0	6	6	2	13	4	8	3	246	0	919	0	160	0
Fungi;Ascomycota;Saccharomycetes;Saccharomycetales;Incertae sedis	0	0	0	0	36	2	61	1	0	3	0	0	0	0	0	0	4	1	1	23	6	4	0	0	40	11	0	0	0	0	1	0	1639	0	0	0	2	0	0	0	0	0	0	1	1	0	0	0	3	0	0	0	4	0	4	0	450	0	0	6	2	0	0	0	1	0	1	13	1	0	0	0	3	0	0	0	7	0	0	0	0	0	0	0	1	0	0	0	1	23	1	0	1426	0	0	0	0	19	0	3	0
Fungi;Ascomycota;Saccharomycetes;Saccharomycetales;Pichiaceae	0	0	0	0	0	0	0	114	0	0	0	118	0	0	0	0	0	0	13	0	0	0	0	0	0	0	0	0	0	0	1	0	1	0	0	0	0	0	0	0	0	0	0	0	0	0	0	0	1	0	0	0	0	0	0	0	0	22	0	0	16	0	0	0	0	0	0	0	0	0	0	0	2	0	0	0	1	0	0	0	1	1	0	0	4	0	0	0	0	0	0	0	0	0	0	2	0	1	0	0	0
Fungi;Ascomycota;Saccharomycetes;Saccharomycetales;Trichomonascaceae	0	0	0	0	0	0	0	0	0	0	0	0	0	0	0	0	0	0	0	0	0	0	0	0	0	0	0	0	44	0	0	0	2	0	0	0	0	0	0	0	0	0	0	0	0	0	0	0	0	0	0	0	0	0	0	22	0	0	0	0	0	0	0	0	0	0	0	0	0	0	0	0	0	0	0	0	0	0	0	0	0	0	0	0	0	0	0	0	0	0	0	0	0	0	0	0	0	0	0	0	0
Fungi;Ascomycota;Saccharomycetes;Saccharomycetales;unidentified	2	0	0	0	0	0	0	0	0	0	0	0	0	0	0	0	0	0	0	0	0	0	0	0	0	0	0	0	0	0	0	0	4	0	0	0	0	0	0	0	0	0	0	0	0	0	0	0	0	0	0	0	0	0	0	0	0	0	0	0	0	0	0	0	0	0	0	0	0	0	0	0	0	0	0	0	0	0	0	0	0	0	0	0	0	0	0	0	0	0	0	0	0	0	0	0	0	0	0	0	0
Fungi;Ascomycota;Sordariomycetes;?;?	918	0	26	2	337	1869	1951	4408	977	2028	2619	512	362	5	0	0	2093	2394	7057	335	2860	348	6450	433	1894	14	2	14	4398	1955	40894	848	1461	408	636	1924	8388	61	3	14	459	1528	43954	4481	3732	426	8376	5	1822	40	74	476	6024	0	35843	3712	4512	1088	926	3673	10478	0	1	6	4387	268	15828	740	109	2074	38	1908	696	0	29	0	590	250	567	661	359	6753	4	0	1452	51	0	0	1193	392	222	2915	1617	5288	4	300	0	1541	0	382	0
Fungi;Ascomycota;Sordariomycetes;Boliniales;Boliniaceae	1	0	0	0	0	2	0	0	0	0	0	0	0	0	0	0	0	0	0	0	0	0	0	0	0	0	0	0	0	0	0	0	0	0	0	12	2	0	0	0	0	0	0	0	0	0	0	0	0	0	0	0	0	0	0	0	2	0	0	17	0	0	0	0	0	1	0	0	0	0	0	12	0	0	0	0	0	0	0	0	0	0	0	0	0	0	0	0	0	0	0	2	0	0	0	2	0	0	0	0	0
Fungi;Ascomycota;Sordariomycetes;Calosphaeriales;Calosphaeriaceae	0	0	0	0	0	0	0	0	0	0	0	0	0	0	0	0	0	0	0	0	0	0	0	0	0	0	0	0	0	0	0	0	0	0	0	0	0	0	0	0	0	0	0	0	0	0	0	0	0	0	0	0	0	0	0	0	0	0	0	0	0	0	0	0	0	3	0	3	0	0	0	0	0	0	0	0	0	0	0	0	0	0	0	0	0	0	0	0	0	0	0	0	0	0	0	0	0	0	0	0	0
Fungi;Ascomycota;Sordariomycetes;Calosphaeriales;Pleurostomataceae	0	0	0	0	2	3	0	0	0	0	0	0	0	0	0	0	2	1	2	0	0	0	1	5	1	0	0	0	0	0	53	0	0	52	0	25	0	0	0	0	0	3	0	1	0	0	0	0	0	0	0	0	2	0	0	0	0	0	0	20	4	0	0	0	3	0	1	1	0	0	0	1100	0	0	0	0	0	0	0	0	2	2	0	0	0	0	0	0	4	10	0	9	0	0	0	3	0	3	0	0	0
Fungi;Ascomycota;Sordariomycetes;Chaetosphaeriales;Chaetosphaeriaceae	0	0	0	0	0	0	0	0	0	0	0	0	0	0	0	0	0	0	0	0	0	0	0	0	0	0	0	0	0	0	8	0	0	0	0	0	0	0	0	0	0	0	0	0	0	0	0	0	0	0	0	0	0	0	0	0	0	0	0	0	0	0	0	0	0	0	0	0	0	0	0	0	0	0	0	0	0	0	0	0	0	0	0	0	0	0	0	0	0	0	0	0	0	0	0	0	0	0	0	0	0
Fungi;Ascomycota;Sordariomycetes;Coniochaetales;Coniochaetaceae	28	0	1	2	3	37	0	0	0	2	124	0	2	0	0	0	1	8	3	3	1	0	275	13	4	0	0	1	18	89	1354	0	5	0	1	179	3	0	0	0	2	10	29	0	1	13	0	2	2	0	4	0	185	0	3	0	23	2255	0	0	14	0	0	6	4	0	1	6	247	511	1	0	1	0	0	0	8	0	0	1	1	166	0	0	10	2	0	0	18	5	0	0	0	30	0	9	0	15	0	10	0
Fungi;Ascomycota;Sordariomycetes;Coniochaetales;Incertae sedis	0	0	0	0	0	16	0	1	18	0	0	0	0	0	0	0	0	0	0	0	95	0	4	3	0	0	0	0	5	4	4	0	4	1	0	0	0	0	0	0	0	0	0	0	0	0	26	0	0	0	0	0	4	0	3	0	37	1	0	0	0	0	0	0	5	0	2	0	1	0	0	0	0	0	0	0	0	0	0	0	0	3	0	0	0	0	0	0	0	0	1	0	29	7	0	2	0	1	0	1	0
Fungi;Ascomycota;Sordariomycetes;Diaporthales;?	0	0	0	0	0	0	0	0	0	0	0	1	0	0	0	0	0	0	0	1	96	0	0	0	0	0	0	0	0	0	0	0	0	0	0	0	0	0	0	0	0	7	0	0	0	0	22	0	0	0	0	0	0	0	0	0	0	0	0	0	0	0	0	0	0	0	0	0	0	0	0	0	0	0	0	0	0	0	0	0	0	0	0	0	0	0	0	0	0	0	0	0	0	0	0	0	0	1	0	0	0
Fungi;Ascomycota;Sordariomycetes;Diaporthales;Diaporthaceae	3	0	0	0	0	0	0	0	65	0	0	0	0	0	0	0	0	0	0	0	1	0	0	0	0	0	0	0	13	0	21	0	0	0	0	0	5	0	0	0	0	6	2	0	0	0	0	0	9	0	0	0	17	0	11	0	0	0	0	0	9	0	0	0	2	0	12	0	0	0	0	0	5	0	0	0	48	0	0	0	0	0	0	0	3	0	0	0	11	0	0	0	0	0	0	0	0	2	0	0	0
Fungi;Ascomycota;Sordariomycetes;Diaporthales;Gnomoniaceae	0	0	0	0	0	0	0	0	0	0	0	0	0	0	0	0	0	0	0	80	0	0	0	0	0	0	0	0	0	0	0	0	0	0	0	0	0	0	0	0	0	0	0	0	0	0	0	0	0	0	0	0	0	0	0	0	0	0	0	0	0	0	0	0	0	0	0	0	0	0	0	0	0	0	0	0	0	0	0	0	0	0	0	0	0	0	0	0	0	0	0	0	0	0	0	0	0	1	0	0	0
Fungi;Ascomycota;Sordariomycetes;Diaporthales;Incertae sedis	0	0	0	0	0	0	0	0	0	0	0	0	0	0	0	0	0	0	0	0	0	0	4	0	0	0	0	0	0	0	0	0	0	0	3	0	0	0	0	0	0	0	0	0	0	0	0	0	0	0	0	0	0	0	0	0	0	0	0	0	0	0	0	0	0	0	0	0	0	0	0	0	0	0	0	0	0	0	0	0	0	0	0	0	0	0	0	0	0	0	0	0	0	0	0	0	0	0	0	0	0
Fungi;Ascomycota;Sordariomycetes;Diaporthales;Schizoparmaceae	5	0	0	0	2	11	0	0	24	0	0	0	4	0	0	0	0	13	10	1	114	2	147	0	8	0	0	0	5	6	38	0	49	0	13	6	8	0	0	0	9	14	14	0	1	1	276	0	1	0	0	0	23	0	0	0	27	52	0	0	1	0	0	1	10	0	5	0	63	0	0	1	1	0	0	0	9	0	0	0	13	65	0	0	6	0	0	0	78	0	0	0	0	29	0	2	0	5	0	1	0
Fungi;Ascomycota;Sordariomycetes;Diaporthales;Togniniaceae	20	0	0	0	90	0	4	0	0	0	12	136	0	0	0	0	8	6	20	0	100	0	13	521	7	0	0	0	1	5	2	0	0	43	2	100	34	3	0	0	7	2	0	17	163	1	0	0	4	0	3	2	5	0	4	1	7	0	3	101	8	0	0	0	109	14	23	0	0	0	0	48	2	0	0	0	1	0	0	1	5	2	1	0	1	1	0	0	13	17	0	93	3085	1	0	29	0	39	0	14	0
Fungi;Ascomycota;Sordariomycetes;Diaporthales;Valsaceae	0	0	0	0	1	0	0	0	0	0	0	0	0	0	0	0	0	1	0	0	0	0	0	0	10	0	0	0	0	0	0	0	3	0	0	0	0	0	0	0	0	0	3	0	0	0	0	0	0	0	0	0	0	0	6	0	16	0	1	0	0	0	0	0	0	11	4	0	0	0	0	0	0	0	0	0	0	0	0	0	11	0	0	0	0	0	0	0	0	0	0	0	0	0	0	0	0	1	0	0	0
Fungi;Ascomycota;Sordariomycetes;Diaporthales;unidentified	5	0	12	0	4	8	2	5	734	0	274	7	1	1	0	0	4	73	309	2	1	12	2241	0	1	0	0	0	3290	86	4595	1	6	0	119	3	2	0	0	1	84	44	1093	4	7	1	3586	1	6	0	0	0	0	0	902	18	15	0	277	1	24	0	0	0	68	0	4156	63	4	0	0	1	10	0	2	0	12	1	16	2	1	3011	1	0	13	10	0	0	5	18	1	26	2	926	0	23	0	183	0	49	0
Fungi;Ascomycota;Sordariomycetes;Hypocreales;?	3	0	0	0	26	8	136	85	4	23	6	26	0	20	0	0	10	42	29	32	35	33	214	11	9	0	0	0	35	26	363	169	2	4	15	35	6	4	0	0	25	9	572	136	309	10	130	0	70	1	2	27	23	0	475	11	7	24	12	0	21	0	0	0	12	13	160	7	3	29	1	0	26	0	0	0	19	0	531	66	11	101	1	0	29	3	0	0	10	49	31	22	0	29535	1	69	0	126	0	50	0
Fungi;Ascomycota;Sordariomycetes;Hypocreales;Bionectriaceae	7	0	2	0	6	75	0	1	0	0	66	55	9	2	0	0	13	22	24	5	1	72	84	1	96	0	0	0	6	7	78	129	2	66	0	176	29	0	0	0	1	17	45	74	1	39	11	0	72	0	6	10	86	0	168	2	0	87	14	9	5	0	0	0	13	2	98	8	0	33	2	91	20	0	1	0	5	0	114	151	6	27	0	0	13	2	0	0	93	16	27	16	11	356	0	4	0	10	0	4	0
Fungi;Ascomycota;Sordariomycetes;Hypocreales;Clavicipitaceae	572	0	24	0	153	61	122	66	185	5	14112	590	6	0	0	0	17	2000	77	20	324	16	443	85	9	1	0	0	165	37	94	331	72	10	13	125	32	9	2	0	9	50	170	46	524	7	765	1	75	4	5	6	182	0	63	6	2037	89	5	0	174	0	0	0	113	2	74	19	4	68	0	12	9	0	0	0	34	82	10	4	5	7571	3	0	6	255	0	0	15	4	7	11	18	104	2	113	0	237	0	81	0
Fungi;Ascomycota;Sordariomycetes;Hypocreales;Cordycipitaceae	10	0	0	0	5	10	233	0	9	10	2	1	0	0	0	0	10	26	21	13	7	0	292	0	1	0	0	0	55	11	70	0	0	0	9	40	9	0	0	0	17	21	72	142	1	0	197	0	306	0	2	8	111	0	53	82	28	0	15	14	11	0	0	0	24	113	325	46	1	302	0	19	4	0	0	0	51	70	1	33	0	8	0	0	11	0	0	0	9	127	0	68	0	18	0	4	0	39	0	6	0
Fungi;Ascomycota;Sordariomycetes;Hypocreales;Hypocreaceae	31	0	1	0	4	121	210	649	30	33	103	32	25	0	0	0	21	60	31	12	343	62	757	107	20	0	0	2	50	42	156	476	32	2	41	1016	53	5	0	0	42	36	20	366	264	29	168	0	63	2	26	38	93	0	259	95	263	70	3	833	18	0	0	0	102	74	63	3	76	103	2	48	31	0	0	0	54	1	7	108	263	252	0	0	17	1	0	0	118	233	3	83	109	545	1	31	0	125	0	24	0
Fungi;Ascomycota;Sordariomycetes;Hypocreales;Incertae sedis	105	0	1	1	76	486	511	498	250	59	1783	255	58	1	0	0	170	255	957	64	140	594	550	69	160	8	0	2	118	235	1044	102	768	263	76	1523	207	4	2	0	33	283	565	673	398	194	517	1	169	5	51	98	546	0	380	253	1129	2421	36	300	328	0	0	4	199	93	518	91	5	545	6	171	156	0	0	0	217	195	209	404	155	713	0	0	255	23	0	0	359	405	54	191	162	644	0	62	0	215	0	43	0
Fungi;Ascomycota;Sordariomycetes;Hypocreales;Nectriaceae	2153	1	25	33	3399	6317	7912	6370	11257	1212	7549	13587	1134	28	0	3	6491	4336	23879	5215	30654	2427	10269	8440	5291	61	3	177	5873	4460	18108	4993	5592	5796	895	17077	2503	122	32	16	1900	3830	3943	15908	6159	2407	16014	33	4188	96	585	1867	12845	7	5153	33765	8972	12721	2336	7614	7154	1	1	53	3359	8074	36210	1820	7937	8921	128	17184	2717	0	1	0	5576	1118	2736	6310	52033	5692	6	0	2918	160	2	0	18707	5559	124	35290	5616	6392	14	1768	0	4309	0	1203	0
Fungi;Ascomycota;Sordariomycetes;Hypocreales;Ophiocordycipitaceae	0	0	0	0	0	0	0	0	0	0	1	0	0	0	0	0	0	0	0	0	0	0	0	0	0	0	0	0	0	0	0	0	0	0	0	0	0	0	0	0	0	5	0	0	0	0	0	0	0	0	0	0	0	0	0	0	0	0	0	0	2	0	0	0	0	0	0	0	0	0	0	0	0	0	0	0	0	0	0	0	0	0	0	0	0	0	0	0	1	0	0	55	0	0	0	1	0	0	0	0	0
Fungi;Ascomycota;Sordariomycetes;Hypocreales;unidentified	28	0	3	0	16	33	150	172	20	80	190	23	10	2	0	0	6	38	2025	70	267	64	395	33	22	0	0	1	127	37	6784	171	7	0	45	226	25	2	0	0	33	109	138	217	122	35	212	0	29	0	13	26	38	0	334	704	71	333	7	27	70	0	0	0	61	57	122	49	0	93	0	41	16	0	0	0	67	0	220	117	27	85	0	0	3	5	0	0	90	34	146	115	7	371	0	11	0	96	0	15	0
Fungi;Ascomycota;Sordariomycetes;Incertae sedis;?	5	0	0	0	2	16	332	222	0	7	0	0	1	0	0	0	15	12	0	36	9	19	0	0	16	1	0	0	11	3	64	0	13	0	0	0	15	0	0	0	7	2	23	1	0	0	0	0	56	0	0	0	6	0	5	68	167	1	10	0	27	0	0	0	0	63	191	29	1	0	1	0	6	0	0	0	2	8	133	37	0	118	0	0	6	0	0	0	1	27	0	95	9	0	1	8	0	13	0	3	0
Fungi;Ascomycota;Sordariomycetes;Incertae sedis;Annulatascaceae	1	0	0	0	0	4	0	0	0	0	0	0	0	0	0	0	0	0	1	0	0	0	0	0	0	0	0	0	1	12	10	0	0	0	0	0	3	0	0	0	0	4	0	0	0	0	0	0	7	0	0	0	0	0	0	0	0	0	0	0	1	0	0	0	0	0	0	0	0	0	0	0	0	0	0	0	0	0	0	0	4	0	0	0	0	0	0	0	0	0	0	0	13	0	0	0	0	1	0	0	0
Fungi;Ascomycota;Sordariomycetes;Incertae sedis;Apiosporaceae	0	0	0	1	0	0	0	1	0	11	0	0	0	0	0	0	1	0	0	0	0	2	0	8	1	2	0	0	0	6	3	0	704	0	0	0	0	0	0	0	1	1	1	0	0	0	14	0	0	0	0	0	4	0	0	13	458	0	0	1	0	0	0	0	0	6	0	2	82	0	0	0	1	0	0	0	0	0	0	0	0	0	0	0	1	0	0	0	2	0	0	0	2	0	0	0	0	12	0	3	0
Fungi;Ascomycota;Sordariomycetes;Incertae sedis;Glomerellaceae	1	0	0	0	2	6	52	0	1	25	0	0	2	0	0	0	6	14	123	0	3	0	0	0	22	0	0	0	11	18	60	15	1	0	3	11	36	0	0	0	8	8	10	1	0	0	1	0	16	0	0	0	12	0	20	0	0	0	1	0	44	0	0	0	35	13	3	4	0	0	0	0	12	0	0	0	2	0	3	10	1	0	0	0	18	0	0	0	0	0	0	6	0	196	0	0	0	5	0	0	0
Fungi;Ascomycota;Sordariomycetes;Incertae sedis;Magnaporthaceae	39	0	0	0	8	101	145	1204	2	4	1	469	93	2	0	0	78	9	274	730	56	11	2	141	15	0	0	4	1	14	12	901	11	476	0	73	214	0	0	0	8	16	2	103	0	16	0	0	40	2	2	10	37	0	53	471	108	8	96	1	199	0	0	0	91	25	1329	12	5	440	3	62	111	0	0	0	25	1	143	3	434	20	0	0	203	0	0	0	93	6	6	198	267	30	0	43	0	68	0	21	0
Fungi;Ascomycota;Sordariomycetes;Incertae sedis;Plectosphaerellaceae	0	0	0	0	0	0	0	0	0	0	0	0	0	0	0	0	0	0	0	0	0	0	0	0	0	0	0	0	0	1	0	0	0	0	0	0	0	0	0	0	0	0	0	0	0	6	0	0	0	0	0	0	0	0	0	0	0	0	0	0	0	0	0	0	0	0	0	0	0	0	0	0	0	0	0	0	0	0	0	0	0	0	0	0	0	0	0	0	0	0	0	0	0	3	0	0	0	0	0	0	0
Fungi;Ascomycota;Sordariomycetes;Microascales;?	0	0	0	0	0	9	0	0	0	2	0	8	0	0	0	0	2	5	0	0	0	0	4	0	1	0	0	0	1	1	0	0	0	3	0	27	22	0	0	0	0	0	0	0	0	8	0	0	0	0	0	0	2	0	0	0	0	1	0	32	1	0	0	0	1	0	0	1	0	0	0	16	0	0	0	0	0	0	0	1	0	0	0	0	3	0	0	0	10	0	0	0	0	0	0	3	0	1	0	0	0
Fungi;Ascomycota;Sordariomycetes;Microascales;Microascaceae	5	0	0	0	11	0	72	142	0	0	0	0	0	0	0	0	1	2	1	6	40	0	66	0	4	0	0	6	8	0	6	81	2	2	0	19	35	0	0	0	0	0	23	39	0	0	0	0	43	2	2	5	2	0	37	1067	53	1	0	68	0	0	0	0	0	0	2	86	1	78	0	0	4	0	0	0	0	0	2	0	12	47	0	0	24	0	0	0	85	2	0	2776	0	27	0	23	0	30	0	6	0
Fungi;Ascomycota;Sordariomycetes;Ophiostomatales;Ophiostomataceae	0	0	0	0	0	0	0	0	0	0	0	0	0	0	0	0	1	0	92	0	16	0	0	0	0	0	0	0	0	0	1	0	0	0	0	0	10	0	0	0	0	0	0	0	0	0	0	0	0	0	0	0	0	0	0	0	0	0	0	340	0	0	0	0	0	0	1	0	0	0	0	0	1	0	0	0	0	0	0	0	0	0	0	0	1	0	0	0	0	0	1	1	0	21	0	1	0	3	0	1	0
Fungi;Ascomycota;Sordariomycetes;Sordariales;?	838	1	33	8	7170	3415	2131	491	1043	356	2805	1549	702	8	0	0	1305	1421	5325	273	5863	1084	4703	1141	1027	13	0	115	820	1860	4119	638	1854	1429	423	9166	749	1	15	13	4479	2076	922	3046	30	7674	6249	6	1202	354	287	407	3645	1	1997	3319	5446	4179	344	1293	3171	0	0	11	1236	994	5100	770	1504	1618	50	5580	756	0	1	0	3154	515	368	1429	844	6063	5	0	12304	56	1	0	11497	1026	70	6694	3155	2489	7	384	0	720	0	214	0
Fungi;Ascomycota;Sordariomycetes;Sordariales;Chaetomiaceae	755	0	20	21	558	2329	2369	14393	406	376	1191	12651	296	13	0	3	529	1747	1909	4773	1589	1758	1156	10154	1031	8	0	14	363	1421	1444	9189	1162	10606	94	6957	854	32	2	6	584	556	335	8463	1592	3684	1783	1	1772	58	246	995	1012	7	804	9094	13130	6122	283	2799	918	0	0	13	2634	321	4779	174	5809	1168	49	18990	1367	0	0	0	1582	216	1104	273	4877	4643	3	0	2091	22	3	0	1750	2859	1029	1255	5215	889	1	707	0	876	0	394	0
Fungi;Ascomycota;Sordariomycetes;Sordariales;Helminthosphaeriaceae	0	0	0	0	0	0	0	0	0	0	0	0	0	0	0	0	0	0	0	0	0	0	0	0	0	0	0	0	0	0	0	0	0	0	0	0	0	0	0	0	0	0	0	0	0	0	0	0	0	0	0	0	0	0	0	0	0	0	0	0	0	0	0	0	3	0	0	0	0	0	0	0	0	0	0	0	0	0	0	0	0	0	0	0	0	0	0	0	1	0	0	0	0	0	0	0	0	0	0	0	0
Fungi;Ascomycota;Sordariomycetes;Sordariales;Incertae sedis	0	0	0	0	0	0	0	0	0	0	0	0	0	0	0	0	0	0	0	0	0	0	0	0	0	0	0	0	0	0	11	0	0	0	0	0	0	0	0	0	0	0	0	0	0	0	0	0	0	0	0	0	0	0	0	0	0	0	0	0	0	0	0	0	0	0	0	0	0	0	0	0	0	0	0	0	0	0	0	0	0	0	0	0	0	0	0	0	0	0	0	0	0	0	0	0	0	0	0	0	0
Fungi;Ascomycota;Sordariomycetes;Sordariales;Lasiosphaeriaceae	209	0	6	2	2388	2378	36	151	15	42	21	27	7038	0	0	0	127	1049	296	428	9	61	316	2	116	2	0	39	602	1024	1365	564	32	5	156	52	465	5	2	2	144	1174	45	851	293	584	37	0	714	63	1	105	366	0	107	948	493	159	19	55	460	0	0	1	30	64	224	144	4	2	47	2	256	0	0	0	568	78	37	94	467	1605	1	0	1568	0	1	0	4158	164	1	49	418	678	0	23	0	229	0	56	0
Fungi;Ascomycota;Sordariomycetes;Sordariales;Sordariaceae	58	0	12	1	2040	155	5443	283	214	5	1231	50	397	9	0	1	2708	427	17	9	487	3174	496	84	2703	6	1	5	182	16	1595	12	428	483	97	837	1037	511	136	0	244	2101	241	2308	31258	236	6843	7	148	334	22	227	3383	0	13	191	442	903	145	2	257	0	0	5	469	931	2146	218	166	10	25	8538	1651	0	0	0	62	4942	451	155	40	2824	13	0	15071	23	0	0	575	1514	9	1444	1187	7122	3	353	0	829	0	249	0
Fungi;Ascomycota;Sordariomycetes;Sordariales;unidentified	12	2	0	0	5	306	27	3226	3	7	0	1	23	3	0	0	158	425	64	439	6	1007	1	1	416	6	0	2	10	893	377	4527	515	289	4	157	58	64	9	4	82	2	12	2845	3292	49	33	0	314	10	7	303	10	0	108	7257	816	52	11	36	668	0	2	0	75	110	262	283	10	2	10	23	320	0	0	0	492	538	624	616	390	44	0	0	328	0	0	0	272	835	2	23	5	1	0	33	0	275	0	61	0
Fungi;Ascomycota;Sordariomycetes;Trichosphaeriales;Incertae sedis	15	0	0	1	5	129	94	1	3224	0	0	3	15	0	0	0	107	12	38	2	6	20	0	0	24	0	0	1	18	21	138	1	8	0	1	15	6	0	0	0	4	31	83	0	0	1	16	0	47	2	0	0	38	0	38	1001	341	1	1	99	125	0	0	0	44	9	18	21	44	46	5	0	21	0	0	0	2	0	2	2	1	8	0	0	35	0	0	0	84	57	48	0	74	38	0	1	0	33	0	6	0
Fungi;Ascomycota;Sordariomycetes;Xylariales;?	448	0	0	0	1	4	1	0	7	28	109	11	4	0	0	0	1	8	6	1	62	1	24	0	3	8	0	0	9	2	11	0	996	57	0	44	1	0	1	0	14	15	5	36	1	0	18	0	18	0	1	5	13	0	17	312	51	66	0	1	0	0	0	0	1	256	7	15	0	29	0	1	9	0	0	0	11	39	1	0	0	35	0	0	5	0	0	0	18	27	21	7	47	42	1	3	0	32	0	7	0
Fungi;Ascomycota;Sordariomycetes;Xylariales;Amphisphaeriaceae	17	0	2	5	22	64	177	106	1	9	182	42	16	2	0	0	105	267	18	189	400	124	79	34	171	0	0	1	3	60	265	81	5	11	3609	172	56	10	7	0	2	35	29	460	605	52	115	0	90	1	4	63	109	0	46	41	63	41	2	14	33	1	0	0	46	5	42	23	1165	3	3	17	138	0	1	0	273	163	195	126	8	226	1	0	33	6	0	0	184	403	2	115	41	63	0	27	0	64	0	14	0
Fungi;Ascomycota;Sordariomycetes;Xylariales;Diatrypaceae	0	0	0	0	0	5	0	0	0	0	0	1	0	0	0	0	0	0	0	0	0	0	29	0	0	0	0	0	0	0	0	0	0	7	0	7	0	0	0	0	1	0	0	0	0	0	26	0	33	0	0	0	0	0	2	0	30	0	0	0	0	0	0	0	5	0	2	1	0	0	0	0	0	0	0	0	0	0	0	54	0	0	0	0	0	0	0	0	9	0	0	0	0	0	0	0	0	1	0	0	0
Fungi;Ascomycota;Sordariomycetes;Xylariales;Hyponectriaceae	301	0	1	4	10	70	2	2	0	0	382	0	18	0	0	0	13	33	29	3	429	17	506	32	111	0	0	1	73	135	155	1	125	25	180	69	31	0	0	0	12	51	4	20	2	0	145	0	35	0	2	2	68	0	4	0	559	131	2	12	44	1	0	0	66	438	29	27	96	0	1	49	27	0	0	0	142	14	4	13	32	257	1	0	19	13	0	0	349	1	1	5	73	153	0	17	0	38	0	16	0
Fungi;Ascomycota;Sordariomycetes;Xylariales;Incertae sedis	3	0	0	0	1	10	16	214	1256	7	0	0	1	0	0	0	6	13	6	0	2	17	66	15	7	0	0	0	13	35	13	0	31	0	2	7	1	1	0	0	1	10	0	96	55	0	44	0	20	1	1	8	3	0	1	13	9	6	0	0	46	0	0	0	9	2	10	7	0	6	0	71	7	0	0	0	0	0	0	15	0	2	0	0	29	0	0	0	12	22	0	4	0	16	0	2	0	22	0	1	0
Fungi;Ascomycota;Sordariomycetes;Xylariales;Xylariaceae	48	0	3	1	18	103	72	12	16	26	279	276	6	0	0	2	23	63	120	77	656	64	434	364	36	5	0	1	46	44	209	94	226	33	52	522	17	39	0	0	32	74	137	59	2324	591	659	0	12826	0	20	20	83	2	67	20	2028	563	4	50	43	0	0	9	115	39	132	145	314	939	3	227	50	0	0	0	28	2	11	5	190	1237	1	0	86	5	0	0	71	37	7	78	191	453	3	94	0	168	0	57	0
Fungi;Ascomycota;Sordariomycetes;Xylariales;unidentified	12	0	1	0	2	23	0	0	1	1	57	0	34	0	0	0	1	15	20	0	9	0	67	1	12	0	0	1	27	10	43	0	9	0	1	9	13	0	0	0	7	33	87	0	0	0	12	0	4	0	0	0	9	0	46	1	0	0	1	0	7	0	0	0	5	3	14	0	1	0	1	2	23	0	0	0	8	0	0	0	0	78	0	0	0	1	0	0	9	0	0	0	2	53	0	1	0	5	0	3	0
Fungi;Ascomycota;Sordariomycetes;unidentified;?	43	0	0	0	5	218	82	128	59	0	1	28	6	19	0	0	686	446	20	100	0	31	168	53	39	12	0	2	1	152	35	458	969	1	0	4	143	0	0	2	40	28	4	0	3	0	16	1	5	0	0	3	56	0	6	0	1224	19	18	30	17	0	0	0	44	43	200	75	3	24	4	69	8	0	0	0	1795	1	801	74	5	143	0	0	29	0	0	0	384	1	2	1	5	64	1	7	0	115	0	21	0
Fungi;Ascomycota;Sordariomycetes;unidentified;unidentified	76	0	0	1	17	94	108	1	1036	7	218	506	56	1	0	0	13	91	104	8	6	8	184	58	64	0	0	1	69	194	350	0	91	87	92	192	72	0	0	0	96	125	809	1	1	0	254	0	39	1	7	0	79	0	29	568	56	123	2	14	119	0	0	1	174	8	28	16	31	449	1	97	9	0	0	0	34	0	15	3	34	414	0	0	34	1	0	0	95	33	0	3	9	78	0	21	0	44	0	10	0
Fungi;Ascomycota;Taphrinomycetes;Taphrinales;Taphrinaceae	0	0	0	0	0	0	0	0	0	0	0	0	0	0	0	0	0	0	0	0	0	0	0	0	0	0	0	0	0	0	0	0	0	0	0	0	0	0	0	0	0	0	0	0	0	1	0	0	0	0	0	0	0	0	2	0	0	0	0	0	0	0	0	0	0	0	0	0	0	0	0	0	0	0	0	0	0	0	0	700	0	0	1	0	0	0	0	0	0	0	0	0	0	0	0	0	0	3	0	2	0
Fungi;Ascomycota;unidentified;?;?	81	0	0	5	40	1396	128	282	0	155	1	31	67	2	0	0	428	187	178	3	61	121	32	2	63	0	0	1	153	41	1439	13	11	1	107	31	112	27	0	1	6	102	83	2	1658	52	116	0	343	5	2	1	124	0	144	516	198	22	3	47	225	0	0	0	100	14	54	61	865	321	26	20	54	0	0	0	131	0	137	0	27	10	0	0	153	0	0	0	207	170	2	17	118	344	0	18	0	82	0	23	0
Fungi;Ascomycota;unidentified;unidentified;?	26	0	0	2	1	20	142	70	0	36	4	2	0	0	0	0	28	243	34	414	2	5	0	0	7	1	0	6	218	730	383	2	3	94	2	4	5	0	0	3	2	1432	560	32	64	5	0	0	75	7	2	1	195	0	432	151	0	1	11	0	44	0	0	0	84	12	300	18	0	152	0	0	48	0	0	0	20	0	6	0	2	1	0	0	272	0	0	0	822	309	1	1	0	0	0	7	0	55	0	15	0
Fungi;Ascomycota;unidentified;unidentified;unidentified	888	1	74	87	869	3287	16912	1442	18192	3219	19377	1607	603	4	0	14	1347	2639	3211	2459	5676	2352	5513	5593	1453	19	2	41	1634	1364	7207	2122	2011	1248	77864	10504	5254	52	26	2	8968	1357	4249	13449	3119	811	10744	13	1372	61	367	1553	38047	1	2483	13025	6458	4626	683	3990	8566	15	0	9	1189	16093	9556	3667	17871	14695	49	8772	1001	1	3	1	1644	1031	258	19673	5301	13662	7	0	948	424	1	0	6376	13383	90291	11583	860	6689	11	2780	0	6313	0	1487	0
Fungi;Basidiomycota;?;?;?	39888	0	14	53	11486	20237	34739	361	2329	73	8091	6945	7510	2	0	0	9175	22039	1665	675	2939	237	1175	50953	14942	45	3	96	10770	50070	3333	824	2044	36	250	18637	96170	110	286	202	2498	35575	1895	398	6324	126	8914	197	8669	643	600	64	758	22	14663	643	2594	1099	1447	4390	55868	0	0	3	11511	426	20048	3049	528	1856	352	361	30184	0	10	0	137981	11669	148	4704	292	2894	87	0	25526	167	0	1	10402	2715	216	178	713	561	15	2082	0	5879	0	1115	0
Fungi;Basidiomycota;Agaricomycetes;?;?	2368	0	4	6	42	1062	209	226	697	79	290	7	52	43	0	0	57	2570	101	20	2372	88	1097	2637	467	20	0	35	4597	5008	1053	508	921	43	70	1466	3948	12	109	29	46	31091	13105	384	523	42	12738	9	10069	7	37	63	374	0	78340	1917	2348	120	3158	74	2211	0	0	0	72	661	51471	1124	94	388	13	27	188	0	62	0	4780	4165	2751	13322	161	786	26	0	113	4	0	0	4116	333	31	102	151	798	2	307	0	1330	0	307	0
Fungi;Basidiomycota;Agaricomycetes;Agaricales;?	159	0	1	0	113	27	46	40	45	8	90	11	1536	1	0	0	7	95	49	26	56	25	172	72	70	0	0	0	320	134	592	19	46	1	15	115	15	0	0	1	15	328	42	65	2	31	38	0	11	0	3	6	470	0	79	12	1375	168	1	28	15	0	0	1	4718	6	7	22	139	108	1	15	47	0	0	0	3	11	6	35	61	153	2	0	13	0	0	0	99	22	24	24	82	326	0	12	0	143	0	25	0
Fungi;Basidiomycota;Agaricomycetes;Agaricales;Agaricaceae	785	0	24	6	986	2263	5279	3027	1228	2777	1927	1413	237	31	0	4	2500	743	3055	3941	2412	1839	2072	893	10969	30	5	50	1327	1979	7274	2344	4844	888	307292	2203	3230	78	14	12	580	986	3649	1781	4672	2438	2320	8	3915	173	111	201	2250	1	4142	1511	3896	1390	130	351	1065	72	0	3	442	729	2261	1201	818	1361	45	3306	826	0	5	0	566	552	2578	934	936	5883	175391	0	7054	38	1	0	2896	965	489	7991	2374	1775	14	808	0	3498	0	216	0
Fungi;Basidiomycota;Agaricomycetes;Agaricales;Amanitaceae	25	0	0	0	6	48	136	9	140	14	15	12	4	0	0	0	37	23	5	2155	26	7	5	14	5	0	0	0	22	44	587	516	107	34	7	36	2242	0	0	0	158	18	9	569	9	2	13	1	2116	273	2	67	14	0	14298	11866	20	8	3	12	21	0	1	0	33	2	37	13	7	4	0	10	92881	0	13	0	23	51	11	8	4	6	13	0	10430	0	0	0	7	46787	12	3	45	9	4	862	0	981	0	202	0
Fungi;Basidiomycota;Agaricomycetes;Agaricales;Bolbitiaceae	0	0	0	0	0	324	0	0	0	0	0	0	0	0	0	0	0	0	0	0	0	0	0	0	0	0	0	0	0	0	0	0	0	42	0	0	0	0	0	0	0	0	0	0	0	0	0	0	0	0	0	0	0	0	0	0	0	21	0	0	0	0	0	1	0	0	0	0	0	0	8	0	0	0	0	0	1	0	0	0	0	0	0	0	0	0	0	0	0	0	0	0	0	0	0	1	0	0	0	1	0
Fungi;Basidiomycota;Agaricomycetes;Agaricales;Clavariaceae	0	0	0	0	0	0	0	0	0	0	0	0	0	0	0	0	0	0	0	0	0	0	0	0	0	0	0	0	0	0	0	0	0	0	0	24	0	0	0	0	0	0	0	0	0	0	0	0	0	0	0	0	0	0	0	0	0	0	0	0	0	0	0	0	0	2	0	0	0	0	0	0	0	0	0	0	0	0	0	0	0	0	0	0	0	0	0	0	0	0	0	0	0	11	0	0	0	0	0	0	0
Fungi;Basidiomycota;Agaricomycetes;Agaricales;Cortinariaceae	2	0	0	0	0	3613	0	0	0	1	1	0	0	0	0	0	0	0	0	0	0	0	0	0	1	0	0	0	0	0	3	0	1	0	0	1398	0	0	0	0	0	0	0	3	6	989	0	0	0	0	39	0	0	0	0	0	1	0	0	2	0	0	0	0	0	0	0	0	0	0	80	0	0	0	0	0	0	0	0	0	0	0	0	0	0	0	1	0	0	0	0	0	0	0	0	25	0	61	0	12	0
Fungi;Basidiomycota;Agaricomycetes;Agaricales;Entolomataceae	71	0	0	0	284	10	1	1	0	1	0	0	22	0	0	0	6	1	174	0	0	1	31	4	0	0	0	0	47	262	1825	0	1	0	2	0	3	0	0	0	3	19	264	0	1	0	0	0	4	0	0	0	245	0	50	7	16	10	1	20	5	0	0	0	6	0	24	11	0	11	0	0	0	0	0	0	7	0	1	0	10	0	0	0	0	0	0	0	4	5	0	0	0	0	0	1	0	19	0	1	0
Fungi;Basidiomycota;Agaricomycetes;Agaricales;Fistulinaceae	0	0	0	0	0	0	0	0	1	0	0	3	0	0	0	0	0	0	0	0	0	0	2	20	0	0	0	0	0	0	0	0	0	4	0	6	0	0	0	0	0	0	0	17	0	0	0	0	0	0	1	2	0	0	0	0	0	0	0	0	3	0	0	0	0	1	0	1	0	0	0	38	0	0	0	0	0	0	0	0	1	0	0	0	0	0	0	0	8	0	0	0	0	0	0	1	0	3	0	0	0
Fungi;Basidiomycota;Agaricomycetes;Agaricales;Incertae sedis	2	0	0	0	0	0	0	0	0	0	0	0	0	0	0	0	0	0	0	0	0	11	0	0	0	0	0	0	1	0	0	0	0	0	0	0	0	0	0	0	0	0	0	0	0	0	0	0	0	0	0	0	0	0	0	0	0	0	0	0	0	0	0	0	0	0	0	0	0	3	0	0	0	0	0	0	0	0	0	0	0	0	0	0	0	0	0	0	0	0	0	0	0	0	0	0	0	0	0	1	0
Fungi;Basidiomycota;Agaricomycetes;Agaricales;Inocybaceae	2088	0	52	2	993	26129	2727	26822	15239	26584	225	178	11452	109	0	1	66429	136107	20317	111181	31728	78559	549	2262	19680	629	11	184	11886	1234	50729	71809	74368	719	249	1673	156908	1062	97	10	1090	67960	562	61382	51676	111	1344	14	37110	3226	100	7172	20390	9	34631	13673	1217	806	289	1472	61933	0	3	0	270	4792	4897	5451	79	3466	545	228	15799	1	26	0	6166	3987	6631	206	550	504	82	0	135686	6	0	0	26063	5608	103	246	7959	30862	40	3241	0	9950	0	2078	0
Fungi;Basidiomycota;Agaricomycetes;Agaricales;Lycoperdaceae	0	0	0	0	0	0	0	0	0	0	0	0	0	0	0	0	0	0	0	0	0	0	0	0	0	0	0	0	0	0	0	0	0	0	0	0	0	0	0	0	0	0	0	0	0	0	0	0	0	0	0	0	0	0	0	0	0	0	0	0	0	0	0	0	0	0	0	0	0	0	0	0	0	0	0	0	0	0	0	0	0	0	0	0	0	0	0	0	1	0	0	16	0	0	0	0	0	0	0	0	0
Fungi;Basidiomycota;Agaricomycetes;Agaricales;Lyophyllaceae	1	0	0	0	0	1	0	19	1681	0	0	9	0	0	0	0	1	0	5	0	0	20	17	37	1	0	0	0	0	0	38	1	12	0	15	19	2	0	0	0	6	0	19	50	0	0	1	0	3	0	0	7	7	0	6	4	37	35	0	16	35	0	0	0	16	0	2	19	0	0	0	81	4	0	0	0	11	0	0	0	14	0	0	0	0	0	0	0	12	0	1	0	4	18	0	0	0	13	0	1	0
Fungi;Basidiomycota;Agaricomycetes;Agaricales;Marasmiaceae	147	0	0	0	268	6	0	1	1	0	0	0	11	0	0	0	12	71	0	4	0	1	0	0	3	0	0	0	3	116	7	484	71	0	5	0	6	0	0	0	5	33	0	3	3	0	3	0	0	0	0	2	1	0	2	0	0	0	0	0	5	0	0	0	18089	3	9	40	0	0	0	11	1	0	0	0	4	12	2	0	0	0	1	0	0	0	0	0	7	0	0	1	4	0	0	0	0	154	0	16	0
Fungi;Basidiomycota;Agaricomycetes;Agaricales;Mycenaceae	0	0	0	0	0	0	12	0	0	0	0	0	0	0	0	0	0	0	0	0	0	0	0	0	0	0	0	0	0	0	0	0	0	0	0	0	0	0	0	0	0	0	0	0	0	0	0	0	0	0	0	0	0	0	0	0	0	0	0	0	0	0	0	0	0	0	0	0	0	0	0	0	0	0	0	0	0	0	0	0	0	0	0	0	0	0	0	0	0	0	0	0	0	0	0	0	0	0	0	0	0
Fungi;Basidiomycota;Agaricomycetes;Agaricales;Pleurotaceae	5	0	0	0	3	3	6	3	2	2	7	0	2	183	0	0	8	2	2	2	1	3	0	0	7	0	0	3	2	1	5	0	3	0	3	0	1	0	0	0	1	3	2	0	7	0	0	0	4	0	0	0	3	0	5	4	2	0	0	0	8	0	0	0	4	3	5	119	0	0	0	0	4	0	0	0	4	3	14294	0	6	0	0	0	4	0	0	0	8	0	3	1	2	0	0	0	0	139	0	30	0
Fungi;Basidiomycota;Agaricomycetes;Agaricales;Pluteaceae	8	0	0	0	0	0	0	0	0	0	0	0	0	0	0	0	0	0	0	0	0	0	0	0	0	0	0	0	0	0	0	0	0	0	0	0	0	0	0	0	0	0	0	0	0	0	0	0	0	0	0	0	0	0	0	0	10	0	0	0	0	0	0	0	0	7	0	0	0	0	0	0	0	0	0	0	0	0	8	0	0	0	0	0	0	0	0	0	0	0	0	0	0	380	0	3	0	1	0	0	0
Fungi;Basidiomycota;Agaricomycetes;Agaricales;Psathyrellaceae	5	0	0	0	5	6	3	2	1	0	0	0	3	0	0	0	4	0	0	1	2	1	0	0	3	0	0	128	1	4	1	1	4	0	4	0	3	0	0	0	0	1	0	4	0	0	1	0	2	0	0	0	0	0	2	0	3	15	0	0	2	0	0	0	5	0	7	59	0	0	0	0	1	0	0	0	47	0	5	0	0	0	0	0	14	0	0	0	14234	0	0	1	1	0	0	0	0	165	0	26	0
Fungi;Basidiomycota;Agaricomycetes;Agaricales;Schizophyllaceae	0	0	0	0	0	0	0	0	0	0	0	0	0	0	0	1	0	0	0	0	0	0	0	0	0	0	0	0	0	0	0	0	0	0	1	0	15	0	0	0	0	1	0	0	0	0	5	0	0	0	0	0	0	0	0	0	0	1	0	0	1	0	0	0	0	0	0	79	0	0	0	0	30	0	0	0	0	0	0	0	0	0	0	0	1	0	0	0	0	0	0	0	0	0	1	2	0	2	0	1	0
Fungi;Basidiomycota;Agaricomycetes;Agaricales;Strophariaceae	19	0	0	0	3	2	0	0	0	0	0	0	0	4	0	0	0	3	0	1	0	20	1	0	1	0	0	0	0	7	0	10	4	24	1	5	5	0	0	0	0	11	0	0	0	0	0	0	0	0	0	0	2	0	2	30	54	24	0	0	7	0	0	0	1	0	0	1	0	73	0	0	1	0	0	0	1	0	135	0	0	47	0	0	0	0	0	0	2	0	0	3	50	55	0	2	0	1	0	0	0
Fungi;Basidiomycota;Agaricomycetes;Agaricales;Tricholomataceae	0	0	0	0	0	1	0	0	0	0	0	0	40	0	0	0	0	0	0	0	0	0	0	0	0	0	0	0	2	0	0	0	0	0	0	0	0	0	0	0	0	190	0	25	0	0	0	0	1	0	0	6	0	0	0	0	0	0	0	0	0	0	0	0	0	0	0	0	0	0	0	0	0	0	0	0	1	0	0	0	0	0	0	0	0	0	0	0	0	0	0	0	5	0	0	1	0	2	0	1	0
Fungi;Basidiomycota;Agaricomycetes;Agaricales;unidentified	4	0	1	0	6	9	0	0	0	0	0	5	0	0	0	0	0	1	2	0	20	0	0	0	1	6	0	0	0	2	0	0	303	0	1	0	1	7	1	0	0	0	0	0	534	0	0	0	6	0	0	0	0	0	1	0	8	0	5	0	2	0	0	0	0	0	92	6	0	0	1	0	8	0	0	0	0	70	0	0	2	18	0	0	1	0	0	0	6	1	0	0	401	12	0	0	0	13	0	4	0
Fungi;Basidiomycota;Agaricomycetes;Atheliales;Atheliaceae	0	0	0	0	0	0	0	0	0	0	0	0	0	0	0	0	0	0	0	0	0	0	0	0	0	0	0	0	0	0	0	0	0	0	0	0	0	0	0	0	0	0	0	0	0	0	0	0	0	0	0	0	0	0	0	0	0	0	0	0	0	0	0	0	1	0	0	0	0	0	0	0	0	0	0	0	0	0	0	0	0	0	0	0	0	0	0	0	0	0	5	0	0	0	0	0	0	0	0	0	0
Fungi;Basidiomycota;Agaricomycetes;Auriculariales;?	0	0	0	0	0	0	0	193	0	1	0	0	1	0	0	0	0	0	97	0	0	0	0	0	0	0	0	0	49	36	551	1	0	18	0	0	0	0	0	0	0	0	134	0	0	29	0	0	0	1	0	0	0	0	14	0	0	0	0	0	4	0	0	0	0	0	56	4	0	0	0	0	3	0	0	0	3	0	4	137	0	0	0	0	15	0	0	0	0	1	0	8	0	242	0	2	0	9	0	3	0
Fungi;Basidiomycota;Agaricomycetes;Auriculariales;Incertae sedis	0	0	0	0	0	0	0	0	0	0	0	0	0	0	0	0	0	0	0	0	0	0	0	0	0	0	0	0	0	0	1	7	0	0	0	0	0	0	0	0	0	8	0	0	0	0	0	0	0	0	0	0	0	0	0	0	0	0	0	0	0	0	0	0	0	0	1	2	0	0	0	0	0	0	0	0	4	0	0	0	0	0	0	0	0	0	0	0	0	20	0	0	0	0	0	1	0	0	0	1	0
Fungi;Basidiomycota;Agaricomycetes;Boletales;?	1	0	0	0	0	19	730	0	0	0	1	0	1	0	0	0	0	30	1	1	15	1	9	0	83	0	0	0	9	5	0	0	1	0	0	0	0	0	0	0	0	1	1	0	0	1	0	0	0	0	0	0	2	0	0	19	61	0	2	0	0	0	0	0	45	24	6	7	2	1	0	0	0	0	0	0	74	24	0	0	3	0	1	0	1	0	0	0	9	49	1	0	0	0	0	0	0	9	0	4	0
Fungi;Basidiomycota;Agaricomycetes;Boletales;Boletaceae	6	0	0	0	3	0	5077	2	23	1	0	0	1	0	0	0	1	1	1	1	377	2	0	0	1	2	0	0	0	0	3	0	122	0	3	0	2	0	0	0	0	1	10	1	2	0	2	0	0	0	0	0	1	0	4	0	2	0	0	1	4	0	0	0	2	0	1	48	0	0	0	0	2	0	0	0	2	0	0	0	260	0	2	0	3	0	0	0	3	1	0	2	5	0	0	1	0	66	0	16	0
Fungi;Basidiomycota;Agaricomycetes;Boletales;Sclerodermataceae	110	5	6	28	32924	7843	26363	190	31055	278	556	109	3778	3	0	34	10588	9116	9384	99	21189	404	763	3840	26065	10	19	15	1180	31157	27196	139	604	76	108	531	202	0	310	132	197	14694	512	500	36	27	397	2	71591	294	19	119	1437	5	1523	13002	1472	358	631	64	996	0	0	3	19046	20948	8431	16771	201	558	112	302	21024	0	0	0	26080	13405	180	15283	681	1076	40	0	13205	21	0	0	1614	20620	20	1162	19591	547	5	816	0	4582	0	865	0
Fungi;Basidiomycota;Agaricomycetes;Boletales;unidentified	0	0	0	0	1	0	0	0	5	0	0	0	0	0	0	0	0	1	25	1	0	6	0	0	0	0	0	0	0	0	1	0	2	0	0	6	0	0	0	0	0	0	4	0	0	12	0	0	3	0	0	0	1	0	7	0	5	0	0	0	0	0	0	0	2	0	1	1	0	23	0	12	1	0	0	0	3	0	0	0	2	0	0	0	0	0	0	0	5	0	0	0	0	0	0	0	0	1	0	0	0
Fungi;Basidiomycota;Agaricomycetes;Cantharellales;?	0	0	0	0	0	9	0	0	0	0	0	0	0	0	0	0	0	3	515	0	0	0	0	0	0	0	0	0	0	0	0	2	0	0	0	0	0	0	0	0	0	6	0	0	0	0	0	0	0	0	0	0	1	0	0	0	117	0	0	0	1	0	0	0	0	0	0	2	9	0	0	0	0	0	0	0	7	0	0	0	0	0	0	0	0	0	0	0	0	0	0	0	0	15	0	0	0	3	0	0	0
Fungi;Basidiomycota;Agaricomycetes;Cantharellales;Botryobasidiaceae	0	0	0	0	0	0	0	0	0	0	0	0	0	0	0	0	0	12	0	0	0	0	0	0	0	0	0	0	0	0	0	0	0	0	0	0	0	0	0	0	0	0	0	0	0	0	0	0	0	0	0	0	0	0	0	0	0	0	0	0	0	0	0	0	0	0	0	0	0	0	0	0	0	0	0	0	0	0	0	0	0	0	0	0	0	0	0	0	0	0	0	0	0	0	0	0	0	0	0	0	0
Fungi;Basidiomycota;Agaricomycetes;Cantharellales;Ceratobasidiaceae	1212	0	0	0	520	3582	6	79	3	4	0	1	373	0	0	0	1845	81	298	655	53	190	0	2	1576	4	1	0	68	96	1021	423	442	0	8	3	838	0	1	0	23	799	767	645	12	0	4	0	1636	10	0	83	77	0	20	1824	4	0	32	0	4933	0	0	0	9105	880	399	224	7	53	64	30	489	0	0	0	1392	2	5	17	9	0	1	0	227	0	0	0	17	209	10	4	20	0	0	7	0	368	0	67	0
Fungi;Basidiomycota;Agaricomycetes;Cantharellales;Clavulinaceae	25	0	0	45	10	21	7	18	600	8	3421	6	3	0	0	0	713	22	13	28	7	4	26503	6	17	3	0	0	34006	54490	257	8	72	0	23	19	142	0	0	229	12514	49583	23	11	9	5	7	2	22	5	0	0	15	0	13	51678	6	6	3	3	2419	0	0	0	11	452	33	625	5	1	3	9	21	0	0	0	16	7	19	119	7	7	6	0	9	55	0	0	29	18	6	0	14	67	1	194	0	3500	0	434	0
Fungi;Basidiomycota;Agaricomycetes;Cantharellales;Incertae sedis	0	0	0	0	0	0	0	0	0	0	0	0	0	0	0	0	0	0	0	0	0	0	0	0	0	0	0	0	0	0	0	0	0	0	0	0	0	0	0	0	0	0	0	0	0	0	72	0	0	0	0	0	0	0	0	0	0	0	0	0	0	0	0	0	0	0	0	0	0	0	0	0	0	0	0	0	0	0	0	0	0	0	0	0	0	0	0	0	0	0	0	0	0	0	0	0	0	0	0	0	0
Fungi;Basidiomycota;Agaricomycetes;Cantharellales;Tulasnellaceae	0	0	0	0	0	0	0	0	0	0	0	0	0	0	0	0	0	0	0	0	0	0	0	0	0	0	0	0	0	0	0	0	0	0	0	0	0	0	0	0	0	0	0	0	0	0	0	0	0	0	0	0	0	0	0	388	0	0	0	0	0	0	0	0	0	0	0	1	0	0	0	0	0	0	0	0	0	0	0	0	0	0	0	0	0	0	0	0	0	0	0	0	0	0	0	0	0	3	0	0	0
Fungi;Basidiomycota;Agaricomycetes;Corticiales;unidentified	0	0	0	0	1	0	0	1	1	0	0	0	0	0	0	0	0	0	2	1	0	2	0	0	1	0	0	0	0	7	0	0	2	0	0	0	1	0	27	0	0	0	0	0	0	0	0	0	1	0	0	0	0	0	1	0	0	0	0	0	30	0	0	0	0	890	0	38	1	0	0	0	0	0	0	0	1	744	0	0	0	0	0	0	2	0	0	0	0	264	0	0	0	0	0	0	0	49	0	7	0
Fungi;Basidiomycota;Agaricomycetes;Geastrales;?	0	0	0	0	0	0	0	0	0	0	215	0	0	0	0	0	0	1	0	0	0	0	0	25	0	0	0	0	0	0	0	0	0	0	0	16	0	0	0	0	2	0	0	0	0	0	0	0	0	0	1	0	3	0	0	0	0	0	0	0	0	0	0	0	13	0	0	1	0	0	0	0	0	0	0	0	0	0	0	0	11	0	0	0	0	3	0	0	7	0	0	0	0	0	0	1	0	2	0	1	0
Fungi;Basidiomycota;Agaricomycetes;Geastrales;Geastraceae	0	0	0	0	10	0	0	77	0	0	29	0	0	0	0	0	0	5	11	0	0	14	67	0	3	0	0	0	130	0	0	0	6	0	2	43	0	0	0	0	3	1	0	0	0	0	59	0	0	1	1	0	7	0	14	2	9	0	0	0	0	0	0	0	0	0	3	5	0	44	0	0	1	0	0	0	0	0	0	0	9	0	0	0	39	0	0	0	15	0	0	0	0	0	0	7	0	19	0	1	0
Fungi;Basidiomycota;Agaricomycetes;Hymenochaetales;?	0	0	0	0	0	16	0	0	0	0	0	0	0	0	0	0	0	1	0	0	0	1	3	0	0	0	0	0	0	2	42	0	0	887	0	0	0	0	0	0	0	0	2	58	0	0	0	0	2	0	0	3	0	0	0	1	3	9	0	0	0	0	0	0	0	0	0	0	0	0	0	0	1	0	0	0	1	0	0	0	0	0	0	0	0	0	0	0	1	0	0	2	0	1	0	4	0	23	0	0	0
Fungi;Basidiomycota;Agaricomycetes;Hymenochaetales;Hymenochaetaceae	0	0	0	0	0	0	0	0	0	0	0	0	0	0	0	0	0	0	0	0	41	0	0	0	0	0	0	0	0	0	1	0	0	0	0	0	0	0	0	0	0	0	0	0	0	0	9	0	0	0	0	0	0	0	0	0	5	0	0	0	0	0	0	0	0	0	0	0	0	0	0	0	0	0	0	0	0	0	0	0	0	0	0	0	0	0	0	0	0	0	0	0	0	0	0	0	0	2	0	0	0
Fungi;Basidiomycota;Agaricomycetes;Hymenochaetales;Schizoporaceae	0	0	0	0	0	0	0	0	0	0	0	0	1	0	0	0	0	1	0	0	0	0	0	0	0	0	0	0	0	0	0	0	0	0	0	0	0	0	0	0	0	0	0	1	0	0	132	0	0	0	0	0	0	0	0	0	0	0	0	0	0	0	0	0	0	0	0	0	0	0	0	0	0	0	0	0	0	0	0	0	0	0	0	0	0	0	0	0	0	0	0	0	0	0	0	0	0	2	0	0	0
Fungi;Basidiomycota;Agaricomycetes;Hysterangiales;?	4	0	0	0	2	18	13	1	1	4	0	0	0	0	0	0	1	5	248	386	33	7	97	0	0	0	0	0	8	7	1275	0	4	3	0	0	4	0	0	0	6	5	68	40	0	0	11	0	163	1	0	4	8	0	23	7	11	2	2	1	1	0	0	0	5	5	27	5	0	9	0	0	0	0	0	0	5	0	0	0	0	34	1	0	9	0	0	0	2	10	1	16	0	19	0	1	0	23	0	1	0
Fungi;Basidiomycota;Agaricomycetes;Hysterangiales;unidentified	5	0	0	0	29	11	81	0	128	37	21	0	1	0	0	0	310	22	51	0	141	21	124	0	6	0	0	0	13	25	35	1	13	84	12	126	14	0	0	0	10	89	68	186	0	0	315	0	101	0	4	22	24	0	81	19	117	18	4	37	24	0	0	0	11	29	146	5	0	22	0	91	2	0	0	0	6	0	3	62	9	62	0	0	16	0	0	0	39	30	0	29	4	27	0	12	0	13	0	4	0
Fungi;Basidiomycota;Agaricomycetes;Incertae sedis;Incertae sedis	0	0	0	0	0	0	0	0	0	0	0	0	0	0	0	0	0	0	0	0	0	0	0	0	0	0	0	0	0	0	15	0	0	0	0	0	0	0	0	0	0	0	0	0	0	0	0	0	0	0	0	0	0	0	0	0	0	0	0	0	0	0	0	0	0	0	0	0	0	0	0	0	5	0	0	0	0	0	0	0	0	0	0	0	0	0	0	0	0	0	0	0	0	0	0	0	0	0	0	0	0
Fungi;Basidiomycota;Agaricomycetes;Polyporales;?	23	0	0	0	2	65	125	104	154	20	76	81	3	0	0	0	24	60	17	5	143	23	329	73	24	0	0	0	31	29	37	2	37	94	13	402	8	0	0	0	30	37	28	91	0	8	12	0	15	0	14	13	15	0	55	44	255	78	6	45	50	0	0	1	28	20	91	5	1	57	1	122	16	0	0	0	31	1	3	0	53	99	4	0	29	3	0	0	69	0	0	24	37	182	0	9	0	21	0	2	0
Fungi;Basidiomycota;Agaricomycetes;Polyporales;Ganodermataceae	103	0	7	2	42	233	481	98	109	95	529	178	21	0	0	0	106	155	185	102	815	96	329	308	78	3	0	1	93	126	417	871	106	294	27	1177	1045	0	2	0	159	150	93	475	5	237	408	1	168	3	35	49	150	0	213	483	1345	592	21	309	119	0	0	2	106	124	364	49	1	703	3	365	80	0	0	0	141	1	8	178	171	1008	6	0	194	11	0	0	186	117	26	268	160	454	0	57	0	150	0	23	0
Fungi;Basidiomycota;Agaricomycetes;Polyporales;Meripilaceae	1	0	0	0	1	0	3	0	0	0	0	0	0	0	0	0	1	1	0	0	1305	0	0	0	0	0	0	0	0	0	3	0	0	0	1	0	1	0	0	0	0	0	0	1	0	0	0	0	13	0	0	0	1	0	0	0	0	0	0	0	0	0	0	0	2	0	0	7	0	0	0	0	0	0	0	0	0	0	0	1	10	0	0	0	3	0	0	0	1	0	0	0	0	0	0	0	0	13	0	7	0
Fungi;Basidiomycota;Agaricomycetes;Polyporales;Meruliaceae	0	0	0	0	0	0	0	0	0	0	1	0	0	0	0	0	0	0	0	0	0	0	0	0	1	0	0	0	0	0	0	0	0	0	0	0	0	0	0	0	0	0	0	0	0	0	0	0	0	0	0	0	1	0	2	0	0	0	0	0	0	0	0	0	9	0	0	0	0	0	0	0	0	0	0	0	0	0	0	0	19	0	0	0	1	0	0	0	0	0	0	9	0	17	0	0	0	0	0	0	0
Fungi;Basidiomycota;Agaricomycetes;Polyporales;Phanerochaetaceae	0	0	0	0	0	14	0	0	0	0	0	0	0	0	0	0	0	0	0	0	0	0	0	28	0	0	0	0	0	0	0	0	0	0	0	0	0	0	0	0	0	0	0	0	0	0	0	0	0	0	0	0	0	0	0	0	0	3	0	0	0	0	0	0	0	0	0	0	0	0	0	0	0	0	0	0	0	0	0	0	0	0	0	0	0	0	0	0	0	0	0	0	0	5	0	0	0	2	0	0	0
Fungi;Basidiomycota;Agaricomycetes;Polyporales;Polyporaceae	7	0	0	1	0	6	0	0	0	0	110	24	0	0	0	0	30	2	4	2	41	0	0	3	4	0	0	0	1	17	1	3	4	24	0	30	14	0	0	0	2	1	1	0	1	0	30	0	2	0	0	0	20	0	10	0	32	12	0	8	3	0	0	0	8	1	4	2	36	100	0	28	7	0	0	0	18	0	1	1	9	6	0	0	1	0	0	0	8	0	0	15	30	12	1	1	0	4	0	0	0
Fungi;Basidiomycota;Agaricomycetes;Polyporales;unidentified	0	0	0	0	3	0	0	0	0	0	0	6	0	0	0	0	0	1	3	1	2419	0	0	0	1	0	0	0	0	0	1	0	1	0	3	0	3	0	0	0	0	0	0	2	0	0	1	0	0	0	0	0	0	0	1	0	0	0	0	0	1	0	0	0	0	0	0	11	0	0	0	0	1	0	0	0	1	1	0	0	31	0	0	0	1	0	0	0	26	0	0	0	1	0	0	0	0	31	0	6	0
Fungi;Basidiomycota;Agaricomycetes;Russulales;?	34	0	0	0	13545	15	11	14	7	6	0	1	3	0	0	0	367	21	11	26	3970	1	1	0	10	1	0	0	7	8	22	16	117	0	7	104	365	0	0	0	6	16	7	74	5	0	4	0	3217	1	3	13	87	0	5	16	41	1	8	417	17	0	0	0	25	4	96	432	3	47	0	0	129735	0	0	0	844	14	8	1	52	5	0	0	48	0	0	0	24	8	1	2	6	0	0	12	0	563	0	138	0
Fungi;Basidiomycota;Agaricomycetes;Russulales;Peniophoraceae	64	0	0	0	399	1	0	0	0	0	0	0	3	0	0	0	10	0	0	0	0	0	0	0	1	0	0	0	0	0	1	0	1	0	0	2	1	0	0	0	0	0	0	1	2	0	0	0	0	0	0	0	0	0	0	1	0	0	0	0	0	0	0	0	1	0	0	1	0	2270	0	2	0	0	0	0	1	3	112	0	0	0	0	0	0	0	0	0	1	0	0	0	1	0	0	8	0	10	0	10	0
Fungi;Basidiomycota;Agaricomycetes;Russulales;Russulaceae	51718	1	6	42	50494	82956	2635	119076	1237	239	52	2213	396	4	0	2	1402	86718	20258	145587	11867	239	61	5313	38047	245	21	1678	6658	564	32464	139503	33773	1575	106	16118	8343	59	1973	9	25182	6248	849	319	2762	1057	152	5	57139	796	714	508	60836	1	114	74014	70568	37	1155	45811	21908	0	2	0	71993	39823	15033	7262	10065	815	1475	30735	6717	0	0	0	136759	77440	234	156	245	671	132	0	34839	10	1	0	200357	76740	233	1210	129	25	19	2837	0	9312	0	1567	0
Fungi;Basidiomycota;Agaricomycetes;Russulales;unidentified	0	0	0	0	0	0	0	0	0	0	0	0	0	0	0	0	0	0	0	0	0	0	0	0	0	0	0	0	0	0	0	0	0	0	0	0	0	0	0	0	0	0	0	0	0	0	0	0	0	0	0	0	0	0	0	0	0	0	0	0	0	0	0	0	0	0	6	0	0	0	0	0	0	0	0	0	34	0	0	0	0	0	0	0	0	0	0	0	0	0	0	0	0	0	0	1	0	0	0	0	0
Fungi;Basidiomycota;Agaricomycetes;Sebacinales;?	17	0	4	0	35	137	396	5	33	2	1	0	17	0	0	0	5	54900	5	4	21	110	32	71	86	0	0	0	713	29	12	3	10	85	50	7	783	3	0	0	715	171	1	5	60	3	8	1	8	1	1	0	22562	0	16	6	0	0	38	2	34	0	0	0	37	37	439	112	3	4	4	4	34	0	0	0	3091	0	7	4	2	1011	1	0	17	0	0	0	51	3	5	2	226	169	3	230	0	438	0	110	0
Fungi;Basidiomycota;Agaricomycetes;Sebacinales;Sebacinaceae	103393	0	0	27	107	25	100	26	66009	27	18	2	20774	394	0	0	33389	49	318	40	28	39	135	3	60996	19	20	9	55	21384	1152	21	456	0	20	3	46	2	0	86	121	28126	219	6507	23	1	457	1	43	87	0	707	39	1	155	16	703	0	4	7	16165	0	0	0	22	13	61	1567	1398	32	2	2	37	0	1	0	145	7	30595	13	526	1	59	0	3502	7	0	0	1275	212	19	15	876	30	0	139	0	3165	0	536	0
Fungi;Basidiomycota;Agaricomycetes;Sebacinales;Sebacinales Group B	0	0	0	0	1	1	0	0	0	0	0	0	0	0	0	0	0	4	0	0	0	0	0	0	0	0	0	0	0	6	0	1	0	0	0	0	0	0	6	0	0	1	0	0	0	0	0	0	0	0	0	0	0	0	0	0	0	0	0	0	0	0	0	0	0	38	0	3	0	0	0	0	0	0	0	0	0	164	0	0	0	0	0	0	8	0	0	0	19	0	0	0	0	0	0	0	0	4	0	1	0
Fungi;Basidiomycota;Agaricomycetes;Thelephorales;?	2	0	0	0	2	1	2	1	218	0	0	0	0	0	0	0	1	4	0	2	0	3	4	0	1	8	0	0	0	0	61	0	2	0	1	0	2	0	0	0	1	1	13	0	1	0	0	0	2	0	0	0	0	0	2462	49	0	0	768	0	10	0	0	0	0	2	12716	72	1	0	0	0	1	0	2	0	2	2	5	0	1	0	0	0	2	0	0	0	3	2	4	0	0	0	0	0	0	65	0	19	0
Fungi;Basidiomycota;Agaricomycetes;Thelephorales;Thelephoraceae	6420	0	0	8	313	62991	2041	221	76	158	22	311	677	0	0	0	147	463	713	24	126	210	108	18	34	0	0	0	291	11199	110226	46	315	58	17	482	458	27	11	45	220	906	20355	1364	1741	21	395	0	4077	3	25	139	113	0	83	45	3817	376	39	5	17021	0	0	0	2351	56	636	689	12	621	975	28	2129	0	0	0	4975	274	16	738	29	88	2	0	75	1	0	0	157	1840	8	37	83	5	0	180	0	1249	0	254	0
Fungi;Basidiomycota;Agaricomycetes;Trechisporales;?	0	0	0	0	1	1	0	0	0	0	0	0	0	0	0	0	1	1	0	0	0	0	58	0	280	0	0	0	2	107	4	0	0	0	0	0	0	0	0	1	2	0	5	16	0	0	0	0	11	0	0	0	2	0	0	1	13	1	2	0	1	0	0	0	503	0	6	3	0	0	0	0	0	0	0	0	51	0	0	0	0	31	0	0	0	0	0	0	0	0	0	0	0	0	0	0	0	8	0	1	0
Fungi;Basidiomycota;Agaricomycetes;unidentified;unidentified	1	0	1	0	1	1	1	0	0	0	0	0	1	1	0	0	3	11	1	0	0	2	28	25	0	0	0	0	1	0	5	0	13	0	1	26	1	0	0	0	0	5	3	61	0	30	0	0	4	2	2	5	7	0	1	4	544	42	0	0	5	0	0	0	2	4	2	0	0	0	0	0	2	0	0	0	17	0	0	1	9	78	0	0	8	0	0	0	19	0	0	22	1	12	0	3	0	1	0	1	0
Fungi;Basidiomycota;Agaricostilbomycetes;?;?	0	0	0	0	0	0	0	0	0	0	0	0	0	0	0	0	0	0	0	0	0	0	0	0	0	0	0	0	0	0	0	0	0	0	0	0	0	0	0	0	0	0	0	0	0	0	0	0	0	0	0	0	0	0	0	0	22	11	0	0	0	0	0	0	0	0	0	0	0	0	0	0	0	0	0	0	0	1	0	0	7	0	0	0	0	0	0	0	0	0	0	0	0	0	0	0	0	1	0	1	0
Fungi;Basidiomycota;Atractiellomycetes;Atractiellales;unidentified	2	0	2	0	2	38	102	2	93	3	35	106	0	0	0	0	3	221	54	318	48	5	342	2	1	1	0	0	48	12	124	1	304	1	553	457	72	36	0	0	79	72	2	2	2548	0	163	1	3	0	17	0	295	0	116	1	34	2	0	0	7	0	0	0	2	6	2	12	1	116	4	1	4	0	0	0	15	225	8	2	0	768	5	0	0	2	0	0	15	2	0	16	1	339	2	25	0	90	0	30	0
Fungi;Basidiomycota;Exobasidiomycetes;Entylomatales;Entylomataceae	0	0	0	0	0	0	0	0	0	0	0	0	0	0	0	0	0	0	0	0	0	0	0	0	0	0	0	0	0	0	0	0	0	0	0	0	10	0	0	0	0	0	0	0	0	0	0	0	0	0	0	0	0	0	0	0	0	0	0	0	0	0	0	0	0	0	0	0	0	0	0	0	0	0	0	0	0	0	0	0	0	0	0	0	0	0	0	0	0	0	0	0	0	0	0	0	0	0	0	0	0
Fungi;Basidiomycota;Exobasidiomycetes;Exobasidiales;Exobasidiaceae	0	0	0	0	0	0	0	0	0	0	0	0	0	0	0	0	0	0	0	0	0	0	0	0	0	0	0	0	0	0	0	0	3	0	0	0	0	0	0	0	0	0	0	0	0	0	0	0	0	0	0	0	0	0	0	0	0	0	0	0	0	0	0	0	1	0	0	0	0	0	0	0	0	0	0	0	0	0	0	0	0	0	0	0	0	0	0	0	0	0	0	0	0	0	0	0	0	0	0	0	0
Fungi;Basidiomycota;Exobasidiomycetes;Incertae sedis;Incertae sedis	13	0	0	0	1	7	164	105	0	2	46	42	6	3	0	0	60	3	203	17	217	25	7	78	602	0	0	1	6	16	6	9	12	10	15	67	63	5	7	0	15	2	30	76	266	12	23	1	254	2	0	7	8	0	55	12	8	8	3	69	23	0	0	0	21	18	20	6	28	37	0	48	35	0	0	0	115	206	202	1490	10	21	1	0	11	1	0	0	145	22	0	23	13	54	1	22	0	23	0	13	0
Fungi;Basidiomycota;Exobasidiomycetes;Microstromatales;Microstromataceae	0	0	0	0	0	0	0	0	0	0	0	0	0	0	0	0	0	0	0	0	0	0	0	0	0	0	0	0	0	0	2	0	0	0	0	0	0	0	0	0	0	0	0	0	0	0	0	0	0	0	0	0	0	0	0	0	0	0	0	0	0	0	0	0	0	0	0	0	0	0	0	0	0	0	0	0	0	0	0	0	0	0	0	0	0	0	0	0	0	0	0	0	0	0	0	0	0	0	0	0	0
Fungi;Basidiomycota;Exobasidiomycetes;Microstromatales;Quambalariaceae	0	0	0	0	0	7	0	0	1	0	0	17	0	0	0	0	0	0	2	0	0	0	0	0	0	0	0	0	0	0	0	0	4	0	0	0	0	0	1	0	0	0	0	0	0	0	0	0	0	0	0	0	0	0	0	0	0	7	0	0	1	0	0	0	0	0	0	0	0	0	1	0	0	0	0	0	0	37	0	0	0	0	0	0	8	0	0	0	0	0	0	0	0	0	0	0	0	1	0	1	0
Fungi;Basidiomycota;Incertae sedis;?;?	0	0	0	0	211	2	0	2	0	55	0	0	0	0	0	0	15	0	0	0	15	1	0	0	3	2	0	0	0	3	1	0	512	0	1	0	2	0	0	0	2	0	0	0	1	0	0	0	0	0	1	0	0	0	0	1	2	0	0	0	0	0	0	0	1	0	0	46	8	0	0	0	0	0	0	0	2	1	2	0	0	0	0	0	2	0	0	0	1	1	0	0	8323	0	0	0	0	100	0	7	0
Fungi;Basidiomycota;Incertae sedis;Malasseziales;Incertae sedis	14	0	0	0	660	23	151	111	440	336	3	9	5	25	0	0	90	12	99	13	1635	26	5	26	543	18	0	0	2	6	62	704	2805	2	1	10	79	95	2	0	3	24	29	115	5499	17	2	1	332	1	0	7	7	0	17	318	1674	25	8	2	26	0	0	0	18	6	62	243	8	10	3	5	55	0	0	0	58	105	1809	34	147	7	1	0	13	0	0	0	69	104	14	8	25519	7	1	6	0	465	0	78	0
Fungi;Basidiomycota;Incertae sedis;Malasseziales;unidentified	2	0	0	0	50	10	25	87	283	189	1	0	1	10	0	1	16	3	0	0	431	9	1	22	224	6	0	0	3	2	12	574	908	0	0	4	13	27	0	0	0	3	3	61	791	1	7	0	125	0	0	4	10	0	2	0	850	0	0	1	10	0	0	0	7	2	9	65	87	17	0	0	26	0	0	0	7	0	517	1	8	0	1	0	3	0	0	0	16	1	7	0	2099	0	0	4	0	49	0	18	0
Fungi;Basidiomycota;Microbotryomycetes;?;?	0	0	0	0	1	0	0	1	0	0	0	0	0	0	0	1	0	0	0	0	2	0	58	1	0	0	0	0	4	0	91	0	1	0	0	0	1	10	0	0	0	1	52	0	601	0	22	0	13	0	0	0	2	2	55	0	16	0	1	0	0	0	0	0	0	0	22	143	0	0	0	0	0	0	0	0	0	0	1	48	25	0	1	0	6	0	0	0	8	0	0	77	17	0	1	5	0	7	0	5	0
Fungi;Basidiomycota;Microbotryomycetes;Sporidiobolales;?	5	0	0	0	0	1	0	0	80	0	0	0	2	0	0	0	1	4	0	0	0	0	95	0	1	0	0	0	7	6	14	0	0	0	0	0	1	6	0	1	0	2	122	0	111	0	23	0	0	0	0	0	0	0	25	0	7	0	0	0	6	0	0	0	0	6	4	3	53	0	0	0	0	0	0	0	0	1	0	0	1	4	0	0	1	0	0	0	6	0	1	0	0	0	0	0	0	5	0	1	0
Fungi;Basidiomycota;Microbotryomycetes;Sporidiobolales;Incertae sedis	5	0	0	0	1	6	1	3	2	6	33	85	2	0	0	0	7	11	154	17	10	1	12	45	0	0	0	0	41	4	261	47	1	0	48	14	6	5	0	0	26	34	84	98	327	1	178	0	16	0	0	7	148	0	49	449	171	17	3	1	1	0	0	0	0	3	38	3	22	30	0	97	4	0	0	0	11	0	1	10	7	17	2	0	0	0	0	0	8	48	0	10	23	1	1	6	0	16	0	2	0
Fungi;Basidiomycota;Microbotryomycetes;Sporidiobolales;unidentified	16	0	0	0	0	8	0	1	1	0	0	0	1	0	0	0	0	20	0	0	1	1	0	0	0	0	0	1	0	0	0	0	1	0	1	0	1	1	0	0	0	1	0	0	0	1	0	0	2	0	0	0	4	0	0	0	0	39	0	0	12	0	0	0	12	2	4	1	0	0	0	1	8	0	0	0	19	0	1	3219	24	2	0	0	4	0	0	0	53	39	0	0	1	17	0	7	0	13	0	7	0
Fungi;Basidiomycota;Tremellomycetes;?;?	5	0	2	0	0	4	0	0	0	0	0	0	2	0	0	0	13	25	59	0	0	0	0	0	0	0	0	0	2	0	61	0	3	0	3	0	8	0	0	0	1	46	24	0	0	0	34	0	0	0	0	0	1	0	21	0	69	40	1	0	1	0	0	0	0	0	41	5	0	0	0	0	1	0	0	0	4	0	0	1	20	75	0	0	0	0	0	0	0	0	2	0	0	10	0	0	0	3	0	2	0
Fungi;Basidiomycota;Tremellomycetes;Cystofilobasidiales;Cystofilobasidiaceae	0	0	0	0	0	2	0	0	0	0	0	0	0	0	0	0	0	0	0	288	0	0	0	0	2	0	0	0	0	0	0	0	0	0	0	0	0	0	0	0	0	0	0	0	0	0	0	0	1	0	0	0	0	0	0	0	0	0	0	0	0	0	0	0	0	0	0	0	0	0	0	0	0	0	0	0	0	0	15	0	0	0	0	0	0	0	0	0	9	0	0	0	0	0	0	0	0	2	0	0	0
Fungi;Basidiomycota;Tremellomycetes;Cystofilobasidiales;Incertae sedis	0	0	0	0	0	9	0	0	0	0	0	0	1	0	0	0	0	0	0	0	0	0	0	0	0	0	0	0	0	0	1	0	2	0	0	42	0	2	0	0	0	0	0	0	157	0	0	0	0	0	1	0	0	0	0	0	5	0	0	0	1	0	0	0	0	0	0	0	0	0	0	0	0	0	0	0	0	0	0	0	18	0	0	0	0	0	0	0	0	1	0	0	1	0	0	0	0	2	0	1	0
Fungi;Basidiomycota;Tremellomycetes;Filobasidiales;?	0	0	0	0	0	0	0	120	1	0	0	0	0	0	0	0	0	0	0	0	0	0	0	0	0	0	0	0	0	0	0	0	0	0	0	0	0	0	0	0	0	0	0	0	0	0	0	0	0	0	0	0	2	0	0	0	0	0	0	0	0	0	0	0	0	0	0	0	0	0	0	29	0	0	0	0	0	0	0	0	0	0	0	0	4	0	0	0	6	0	53	0	0	0	0	0	0	1	0	0	0
Fungi;Basidiomycota;Tremellomycetes;Filobasidiales;Filobasidiaceae	2	0	0	0	0	3	13	1	0	1	279	46	0	4	0	0	0	0	2	0	0	0	0	1	0	0	0	0	0	0	1	0	1	7	0	0	0	4	0	0	0	0	0	82	104	16	14	0	2	0	0	7	3	0	0	33	67	10	0	10	1	0	0	0	51	1	0	0	108	0	1	153	16	0	0	0	0	0	873	0	21	0	0	0	0	6	0	0	16	1	1	0	35	0	0	9	0	18	0	7	0
Fungi;Basidiomycota;Tremellomycetes;Tremellales;?	0	0	0	0	0	0	0	78	0	0	116	0	1	0	0	0	0	0	0	12	0	30	0	0	0	0	0	0	1	0	1	0	0	0	0	0	4	0	0	0	0	0	6	2	0	0	0	0	0	0	0	0	15	0	0	1	0	9	0	0	0	0	0	0	1	0	0	0	0	0	0	0	8	0	0	0	0	0	0	0	12	0	0	0	0	3	0	0	2	0	79	0	0	0	0	1	0	2	0	1	0
Fungi;Basidiomycota;Tremellomycetes;Tremellales;Incertae sedis	15	0	0	2	4	24	47	2	846	0	1533	37	0	0	0	0	1	24	31	61	211	36	616	20	6	0	0	0	6	48	50	0	18	0	82	47	3	1	0	0	1	71	45	169	134	0	236	0	1	0	0	19	16	0	25	1	14	106	1	2	24	0	0	0	9	0	85	0	114	19	1	66	19	0	0	0	17	0	2	8	9	252	1	0	1	35	0	0	7	4	0	29	33	72	0	16	0	38	0	6	0
Fungi;Basidiomycota;Tremellomycetes;Trichosporonales;Trichosporonaceae	0	0	0	0	6	0	0	1	25	0	92	0	3	0	0	0	1	6	2	0	0	0	8	0	1	0	0	0	3	1	20	0	0	0	0	1	0	4	0	0	2	1	6	64	198	1	21	0	0	0	0	10	14	0	1	0	0	0	0	0	1	0	0	0	5	38	1	2	0	0	0	0	1	0	0	0	0	0	0	0	6	0	0	0	0	2	0	0	6	0	0	5	232	28	0	3	0	10	0	1	0
Fungi;Basidiomycota;Tremellomycetes;unidentified;unidentified	0	0	0	6	3	15	37	27	1162	280	0	39	1	5	0	0	6	5	8	691	103	9	85	46	133	0	0	0	0	4	7	623	6	1	4	0	9	40	3	1	0	2	4	20	2165	23	130	530	89	0	0	1	3	1	17	861	463	1	15	0	29	0	0	0	8	5	95	40	725	1	1	32	0	2	0	0	7	185	712	3	8	7	1	0	0	0	0	0	11	1	3	10	3	0	2	16	0	97	0	23	0
Fungi;Basidiomycota;Ustilaginomycetes;?;?	0	0	0	0	0	0	0	0	0	0	0	0	0	0	0	0	0	0	0	5	0	16	0	0	0	0	0	0	0	0	0	1	0	0	0	0	9	0	0	0	0	0	0	0	0	0	0	0	0	0	0	0	0	0	0	0	0	0	0	0	0	0	0	0	0	0	0	0	0	0	0	0	0	0	0	0	0	0	0	0	0	0	0	0	0	0	0	0	0	0	0	13	0	0	0	0	0	0	0	0	0
Fungi;Basidiomycota;Ustilaginomycetes;Ustilaginales;?	0	0	0	0	0	3	0	0	0	0	0	0	0	0	0	0	0	0	0	0	0	0	0	0	9	0	0	0	0	0	0	0	0	0	0	0	0	0	0	0	0	0	0	0	0	0	0	0	8	0	0	0	0	0	0	0	0	21	0	0	0	0	0	0	0	0	0	0	0	0	0	0	0	0	0	0	0	0	0	0	0	0	0	0	0	0	0	0	0	0	0	0	0	0	0	0	0	0	0	0	0
Fungi;Basidiomycota;Ustilaginomycetes;Ustilaginales;Ustilaginaceae	6	0	0	0	6	19	0	6	0	0	0	0	1	0	0	0	4	12	61	0	3	0	2	0	2	0	0	0	3	0	8	10	1	0	0	14	1	0	0	0	0	3	14	56	0	10	8	0	4	0	0	5	15	0	2	0	0	8	1	1	8	0	0	0	1	5	33	0	0	0	0	0	8	0	0	0	3	0	0	4	0	15	0	0	0	0	0	0	1	10	0	4	108	8	0	3	0	2	0	2	0
Fungi;Basidiomycota;Wallemiomycetes;Geminibasidiales;?	0	0	0	0	0	0	31	1	2	23	0	0	0	0	0	0	21	0	33	23	0	7	0	3	3	0	0	0	13	0	15	11	16	0	0	2	5	0	0	0	33	0	2	35	0	0	0	0	30	0	0	3	3	0	22	173	2	0	8	0	0	0	0	0	0	32	141	35	2	0	0	0	0	0	0	0	0	0	0	17	0	1	0	0	13	0	0	0	1	8	0	28	0	0	0	2	0	1	0	0	0
Fungi;Basidiomycota;Wallemiomycetes;Geminibasidiales;Geminibasidiaceae	45	0	4	119	51	101	4714	414	1593	3314	1070	311	70	0	0	18	3903	77	3635	2611	641	802	105	1613	855	28	1	7	1834	62	2271	729	2993	130	19	2705	324	0	10	2	2475	73	257	3808	8	33	251	9	4243	26	79	419	600	1	2594	12556	3352	14	1293	131	343	0	2	0	77	2808	20424	5942	29276	135	4	514	391	0	4	0	295	231	12	3042	896	373	10	0	1115	14	0	0	259	748	110	3069	1002	319	14	617	0	1236	0	254	0
Fungi;Basidiomycota;Wallemiomycetes;Wallemiales;Wallemiaceae	0	0	0	0	0	0	3	3	0	4	0	0	0	0	0	0	0	1	2	0	3	3	0	0	0	4	0	0	11	0	5	1	387	0	0	0	4	46	3	0	0	1	1	1	2342	0	1	0	0	0	0	0	0	0	1	0	0	0	0	0	0	0	0	0	0	5	0	18	2	0	1	0	1	0	0	0	0	158	1	2	168	0	0	0	0	0	0	0	0	0	0	1	1	0	0	0	0	27	0	5	0
Fungi;Basidiomycota;unidentified;unidentified;unidentified	3	0	0	0	0	9	0	0	0	0	0	2	0	0	0	0	0	3	0	1	0	0	0	1	0	0	0	0	0	0	3	0	0	0	0	0	2	0	0	0	3	6	2	0	0	0	0	0	404	0	0	0	1	0	2	1	0	1	0	0	1	0	0	0	0	0	1	0	0	0	0	0	0	0	0	0	3	0	1	296	7	0	1	0	0	0	0	0	0	0	0	2	0	12	1	3	0	11	0	0	0
Fungi;Chytridiomycota;?;?;?	209	0	6	9	185	424	2200	764	481	207	2455	357	298	9	0	2	412	387	464	6061	2739	554	675	380	473	28	0	9	199	289	647	318	2547	139	39	701	760	8	0	1	233	289	801	1765	381	662	724	2	776	15	30	206	947	0	349	1346	1294	401	69	80	534	0	0	1	157	1336	821	174	1685	1072	5	628	219	0	0	0	223	22	515	971	204	1164	7	0	260	41	0	0	836	741	287	481	473	903	7	158	0	319	0	67	0
Fungi;Chytridiomycota;Chytridiomycetes;?;?	21	0	2	3	17	70	601	126	33	73	471	100	13	0	0	0	21	301	363	3224	537	63	189	25	99	0	0	3	26	34	714	17	31	47	35	89	172	0	1	0	86	58	147	233	87	83	187	0	95	2	5	43	138	0	127	937	296	65	34	38	48	0	0	0	26	493	447	117	125	440	1	39	24	0	0	0	28	3	3	193	18	234	3	0	57	13	0	0	158	206	59	90	3	91	1	54	0	81	0	7	0
Fungi;Chytridiomycota;Chytridiomycetes;Rhizophlyctidales;?	1	0	0	0	41	33	1	0	2443	2	0	10	1	1	0	0	7	0	0	1529	1	41	0	0	2	0	0	0	1	2	105	0	4	0	0	0	149	9	0	0	1	0	5	19	309	0	0	0	40	0	0	2	0	0	1	282	0	0	0	0	62	0	0	0	1	7	0	12	2	0	0	0	12	0	0	0	1	1	89	0	1	0	0	0	0	0	0	0	60	1	31	0	4	0	0	1	0	10	0	4	0
Fungi;Chytridiomycota;Chytridiomycetes;Spizellomycetales;Spizellomycetaceae	13	0	0	0	18	67	0	64	1	17	1	39	2	0	0	0	26	11	1	7	67	0	41	0	195	0	0	0	0	504	21	0	3	0	0	441	22	0	0	1	13	13	27	2	0	0	0	0	21	0	16	1	37	0	15	0	113	14	4	0	4	0	0	0	17	24	93	2	1	95	0	0	5	0	0	0	0	0	0	0	1	0	0	0	0	0	0	0	75	0	0	90	0	16	0	4	0	15	0	2	0
Fungi;Chytridiomycota;Monoblepharidomycetes;?;?	0	0	0	0	0	0	0	0	0	0	0	0	0	0	0	0	0	0	0	0	0	0	0	0	0	0	0	0	0	0	0	0	0	0	0	0	0	0	0	0	0	0	0	0	0	0	0	0	0	0	0	0	0	0	0	0	0	11	0	0	0	0	0	0	0	0	0	0	0	0	0	0	1	0	0	0	0	0	0	0	0	0	0	0	0	0	0	0	9	0	0	0	0	0	0	0	0	0	0	0	0
Fungi;Chytridiomycota;unidentified;unidentified;unidentified	0	0	0	0	0	0	0	0	0	0	0	0	0	0	0	0	0	2	4	0	0	0	58	0	0	0	0	0	42	3	0	163	0	0	0	0	0	0	0	0	2	0	0	0	0	0	8	0	0	0	0	2	0	0	1	0	13	0	0	0	0	0	0	0	0	43	0	3	1	0	0	0	0	0	0	0	0	0	1	0	0	0	0	0	3	0	0	0	0	0	0	0	2	36	0	0	0	6	0	1	0
Fungi;Glomeromycota;?;?;?	423	0	0	2	67	1436	12	623	264	2	0	0	47	0	0	0	1514	86	2	1	1	8	0	1	447	0	0	2	109	346	479	1	17	0	3	2	189	0	3	0	34	267	2615	1497	5	0	1	0	1556	19	3	147	58	0	69	232	1048	0	11	0	572	0	0	0	226	3	147	71	13	3	31	1	95	0	0	0	171	150	78	31	4	4	0	0	590	0	0	0	140	238	0	6	5	0	1	9	0	98	0	19	0
Fungi;Glomeromycota;Glomeromycetes;?;?	311	0	0	0	18	275	64	194	1	2	0	0	36	0	0	0	716	8	3	3	2	2	0	0	697	0	1	0	50	13	1362	397	20	0	4	22	67	0	0	0	2	493	2425	774	1	0	2	0	1234	4	0	101	24	0	444	711	0	0	13	0	844	0	0	0	402	1	136	42	5	0	3	0	44	0	0	0	48	1	3	0	6	0	0	0	218	0	0	0	98	5	1	3	19	0	1	2	0	79	0	15	0
Fungi;Glomeromycota;Glomeromycetes;Diversisporales;Acaulosporaceae	19	0	0	0	0	0	0	0	0	0	0	0	0	0	0	0	0	0	0	0	0	0	0	0	0	0	0	0	0	0	0	0	0	0	0	0	0	0	0	0	0	0	0	0	0	0	0	0	22	0	0	0	0	0	0	0	0	0	0	0	0	0	0	0	0	0	0	0	0	0	0	0	0	0	0	0	0	0	0	0	0	0	0	0	0	0	0	0	0	0	0	0	0	0	0	0	0	0	0	0	0
Fungi;Glomeromycota;Glomeromycetes;Diversisporales;Gigasporaceae	0	0	0	0	1	0	35	0	0	0	0	0	1	0	0	0	33	0	0	0	3	0	0	0	0	0	0	0	0	0	0	0	0	0	0	0	0	0	0	0	0	1	0	0	0	0	0	0	0	0	0	0	0	0	0	0	0	0	0	0	0	0	0	0	0	0	0	1	0	0	0	0	3	0	0	0	0	0	0	0	0	0	0	0	5	0	0	0	0	0	0	0	0	0	0	0	0	0	0	2	0
Fungi;Glomeromycota;Glomeromycetes;Glomerales;?	15	0	0	0	10	2355	0	341	2	0	0	0	14	0	0	0	448	22	0	0	0	7	0	0	3	0	0	0	70	6	112	1	2	0	0	2	943	0	0	0	0	130	1200	842	5	0	0	0	153	0	1	85	181	0	43	258	713	0	12	0	147	0	0	0	13	1	211	35	3	0	32	0	11	0	0	1	147	0	4	1	0	7	0	0	92	0	0	0	418	0	0	2	2	0	0	3	0	41	0	8	0
Fungi;Glomeromycota;Glomeromycetes;Glomerales;Claroideoglomeraceae	0	0	0	0	12	38	0	0	0	0	0	0	0	0	0	0	2	0	0	0	0	0	0	0	0	0	0	0	0	0	32	0	0	0	0	0	0	0	0	0	0	0	27	0	0	0	0	0	0	0	0	0	0	0	17	0	0	0	0	0	1	0	0	0	4	0	0	2	0	0	0	0	0	0	0	0	0	0	0	0	0	0	0	0	0	0	0	0	0	0	0	0	0	0	0	0	0	0	0	0	0
Fungi;Glomeromycota;Glomeromycetes;Glomerales;Glomeraceae	28	0	0	0	5	384	14	597	1	1	0	0	2	0	0	0	449	67	152	0	1	3	0	0	3	0	0	2	123	53	1676	0	1	1	0	0	23	0	0	0	31	75	2093	0	2	0	1	0	1788	10	2	0	39	0	1941	2	573	0	20	0	46	0	0	0	45	0	316	71	4	0	14	0	76	0	3	0	39	1	1	1	2	0	0	0	158	0	0	0	22	9	2	3	2	0	0	12	0	59	0	21	0
Fungi;Glomeromycota;Glomeromycetes;unidentified;?	0	0	0	0	0	0	0	0	0	0	0	0	0	0	0	0	0	0	0	0	0	0	0	0	0	0	0	0	0	0	0	0	0	0	0	0	13	0	0	0	0	0	0	0	0	0	0	0	0	0	0	0	0	0	0	0	0	0	0	0	0	0	0	0	0	0	0	0	0	0	0	0	0	0	0	0	0	0	0	0	0	0	0	0	0	0	0	0	0	0	0	0	0	0	0	0	0	0	0	0	0
Fungi;Glomeromycota;Glomeromycetes;unidentified;unidentified	0	0	0	0	1	0	0	0	0	0	0	0	0	0	0	0	0	0	0	0	0	0	0	0	0	0	0	0	0	0	0	0	3	0	0	0	5	0	0	0	1	0	0	0	0	0	0	0	0	0	0	0	0	0	0	302	137	0	0	0	44	0	0	0	13	0	1	1	1	0	0	0	0	0	0	0	5	0	0	0	0	0	0	0	6	0	0	0	3	0	0	0	0	0	0	0	0	4	0	0	0
Fungi;Glomeromycota;unidentified;unidentified;unidentified	0	0	0	0	0	0	0	0	0	0	0	0	0	0	0	0	0	0	0	0	0	0	0	0	0	0	0	0	0	0	0	0	0	0	0	0	0	0	0	0	0	0	0	0	0	0	0	0	21	1	0	0	0	0	0	0	0	0	0	0	0	0	0	0	0	0	0	0	0	0	0	0	0	0	0	0	0	0	0	0	0	0	0	0	37	0	0	0	0	0	0	0	0	0	0	0	0	0	0	0	0
Fungi;Incertae sedis;?;?;?	76	0	0	0	1	9	0	1	0	0	0	0	0	0	0	0	6	4	7	0	0	0	0	0	4	0	0	0	0	1	31	0	0	0	0	8	13	3	0	0	0	0	9	0	177	0	0	0	64	0	0	0	0	0	0	5	0	1	0	0	4	0	0	0	5	1	0	1	1	0	1	26	7	0	0	0	0	1	0	0	0	0	0	0	7	0	0	0	0	17	0	0	0	6	0	2	0	2	0	1	0
Fungi;Incertae sedis;Incertae sedis;Incertae sedis;Incertae sedis	0	0	0	0	1	0	1	0	0	0	0	0	0	0	0	0	4	4	1	0	1	0	12	0	165	0	0	0	0	0	11	0	0	0	1	19	1	0	0	0	0	1	0	0	0	0	0	0	0	0	1	0	0	0	1	1	2	0	0	0	0	0	0	0	480	4	2	2	0	0	0	2	0	0	0	0	0	0	0	0	0	0	0	0	14	0	0	0	0	0	0	0	0	0	0	2	0	8	0	2	0
Fungi;Rozellomycota;?;?;?	0	0	0	0	0	13	94	1	0	0	0	0	0	0	0	0	0	0	0	0	0	0	0	0	0	0	0	0	0	0	0	0	0	0	0	53	0	0	0	0	0	4	0	0	0	0	0	0	0	0	2	0	5	0	0	0	0	0	0	0	0	0	0	0	4	0	1	2	0	0	0	0	0	0	0	0	0	0	0	0	0	0	0	0	0	0	0	0	0	0	0	0	0	0	0	0	0	2	0	0	0
Fungi;Rozellomycota;unidentified;?;?	0	0	0	0	0	15	0	0	0	0	0	0	0	0	0	0	0	0	0	0	0	0	0	0	2	0	0	0	0	0	0	0	0	0	0	4	0	0	0	0	0	1	0	0	0	0	1	0	0	0	1	0	3	0	0	0	0	0	0	0	0	0	0	0	2	0	0	0	0	0	0	0	0	0	0	0	0	0	0	0	0	0	0	0	0	0	0	0	0	0	0	0	11	0	0	0	0	0	0	0	0
Fungi;Rozellomycota;unidentified;unidentified;?	0	0	0	0	0	0	0	0	0	0	0	0	0	0	0	0	0	0	0	0	0	0	0	0	0	0	0	0	0	0	0	0	0	0	0	3	0	0	0	0	0	0	0	0	0	0	0	0	0	0	1	0	0	0	0	0	0	0	0	0	0	0	0	0	0	0	9	0	0	0	0	0	0	0	0	0	0	0	0	0	0	0	0	0	0	0	0	0	0	0	0	0	0	0	0	0	0	0	0	0	0
Fungi;Zygomycota;?;?;?	26	0	0	0	4	7	18	2	66	5	7	5	13	3	0	0	2	2	153	352	13	23	38	4	3	0	0	1	2	1	12	10	1	4	0	49	1	0	0	0	0	4	4	33	0	0	4	0	37	0	1	2	6	0	4	163	26	23	7	10	43	0	0	0	47	8	75	21	2	39	0	212	28	0	0	0	347	26	68	467	19	14	0	0	0	0	0	0	51	6	0	85	95	302	0	17	0	13	0	4	0
Fungi;Zygomycota;Incertae sedis;?;?	0	0	0	0	2435	1	1043	0	69	0	62	14	5	1	0	0	63	50	8	0	35	15	11	0	0	0	0	0	4	1	1991	1	4	0	5	1	204	0	0	0	15	2	29	0	1	0	3	0	8	0	0	1	79	0	1	0	38	0	0	0	0	0	0	0	7	29	4	35	2	0	0	437	1	0	0	0	39	0	168	198	0	9	0	0	0	0	0	0	47	51	2	0	1	8	0	8	0	52	0	19	0
Fungi;Zygomycota;Incertae sedis;Basidiobolales;?	0	0	0	0	0	0	0	0	0	0	0	0	0	0	0	0	0	0	0	0	0	0	0	0	0	0	0	0	0	0	0	0	0	0	0	0	0	0	0	0	0	0	0	0	0	0	0	0	0	0	0	0	147	0	0	0	0	0	0	0	0	0	0	0	0	0	0	0	0	0	0	0	0	0	0	0	0	0	0	0	0	0	0	0	0	0	0	0	0	0	0	0	0	0	0	0	0	1	0	0	0
Fungi;Zygomycota;Incertae sedis;Mortierellales;?	7	0	0	0	15	9	941	1	0	0	0	0	17	0	0	0	162	0	0	1	15	0	0	0	51	0	0	2	5	32	3	0	1	0	0	0	129	0	0	0	0	1	0	0	3	0	0	0	0	1	0	0	53	0	5	517	0	0	0	0	3	0	0	0	1	0	1	10	0	0	0	0	9	0	0	0	0	0	0	1	2	0	0	0	81	0	0	0	43	24	0	1	6	0	0	2	0	33	0	3	0
Fungi;Zygomycota;Incertae sedis;Mortierellales;Mortierellaceae	31	0	5	0	5	13	86	820	17	12	3	0	36	0	0	0	13	72	5	131	0	2	625	22	350	0	0	1	67	41	70	456	87	0	9	680	63	0	2	0	8	3	125	403	2	0	112	0	58	50	24	37	14	0	826	351	31	21	45	0	41	0	0	0	70	40	879	19	2	51	0	40	38	0	1	0	6	84	3	60	303	692	2	0	1789	0	0	0	29	239	8	97	48	8	0	20	0	55	0	17	0
Fungi;Zygomycota;Incertae sedis;Mortierellales;unidentified	0	0	0	0	62	0	0	0	0	0	0	0	0	0	0	0	1	0	0	0	0	0	0	0	0	0	0	0	0	0	0	0	0	0	0	0	0	0	0	0	0	0	0	0	0	0	0	0	0	0	0	0	0	0	52	0	0	0	0	0	0	0	0	0	0	0	2	1	0	0	0	0	0	0	0	0	0	0	0	0	0	0	0	0	0	0	0	0	0	0	0	0	0	0	0	0	0	1	0	0	0
Fungi;Zygomycota;Incertae sedis;Mucorales;?	0	0	0	0	0	0	0	0	0	0	0	0	0	0	0	0	0	0	0	0	0	1	0	0	0	0	0	0	0	0	0	0	0	0	0	0	0	0	0	0	0	0	0	0	0	0	0	0	0	0	0	0	0	0	0	0	0	18	0	0	0	0	0	0	0	0	1	0	0	0	0	0	0	0	0	0	0	0	0	0	0	0	0	0	0	0	0	0	0	0	0	5	0	0	0	0	0	0	0	0	0
Fungi;Zygomycota;Incertae sedis;Mucorales;Choanephoraceae	0	0	0	0	0	0	0	0	0	0	0	0	0	0	0	0	0	0	0	0	0	0	0	0	1	0	0	0	0	0	0	0	0	0	0	0	0	0	0	0	0	0	0	0	0	0	0	0	0	0	0	0	0	0	0	0	293	0	0	0	0	0	0	0	0	0	0	0	0	0	0	0	0	0	0	0	0	0	0	0	0	0	0	0	0	0	0	0	0	0	0	0	0	0	0	0	0	1	0	0	0
Fungi;Zygomycota;Incertae sedis;Mucorales;Cunninghamellaceae	9	0	0	0	0	0	0	0	0	0	0	0	0	0	0	0	0	0	0	0	0	0	20	0	0	0	0	0	3	0	0	0	0	0	5	0	0	0	0	0	0	2	1	0	0	0	6	0	0	0	0	0	0	0	7	0	0	0	0	9	0	0	0	0	0	0	0	0	0	0	0	0	0	0	0	0	0	0	0	0	0	3	0	0	0	0	0	0	0	0	0	0	0	0	0	0	0	0	0	0	0
Fungi;Zygomycota;Incertae sedis;Mucorales;Mucoraceae	33	0	0	0	1	0	33	1	83	0	0	916	2	0	0	0	0	39	76	0	24	187	69	157	4	0	0	0	2	0	0	2	29	50	0	53	6	0	0	0	0	1	104	0	0	0	2	0	2	0	0	0	36	0	8	1	24	0	0	12	0	0	0	0	1106	0	1	3	63	0	0	87	0	0	0	0	19	0	2	0	15	413	0	0	0	0	0	0	24	0	1	0	2	23	1	8	0	26	0	7	0
Fungi;Zygomycota;Incertae sedis;Mucorales;Rhizopodaceae	5	0	0	0	0	2	0	65	0	0	0	0	0	0	0	0	0	0	0	17	0	0	0	0	1	0	0	0	0	1	3	168	0	0	0	81	20	0	0	0	0	8	0	129	0	0	1	2	91	0	8	8	37	0	0	99	0	0	10	0	0	0	0	0	0	0	175	259	0	0	0	1	2	0	0	0	0	0	0	0	0	0	0	0	2	0	0	0	7	0	0	224	0	9	1	10	0	14	0	6	0
Fungi;Zygomycota;Incertae sedis;Mucorales;Saksenaeaceae	0	0	0	0	1	0	15	287	0	0	16	0	0	0	0	0	0	0	1	65	0	14	3	0	0	0	0	0	1	0	0	0	0	0	0	0	0	0	0	0	0	0	0	1	0	0	0	0	1	0	0	0	0	0	0	0	0	0	0	0	0	0	0	0	0	0	0	0	0	0	0	0	13	0	0	0	0	0	5	0	0	0	0	0	0	0	0	0	0	0	17	0	0	0	0	2	0	0	0	1	0
Fungi;Zygomycota;Incertae sedis;Mucorales;Umbelopsidaceae	0	0	0	0	0	0	0	0	0	0	0	0	0	0	0	0	0	0	0	0	0	0	0	0	0	0	0	0	0	0	0	0	0	0	0	0	0	0	0	0	0	0	0	0	0	0	0	0	0	0	0	0	0	0	0	0	4	0	0	0	0	0	0	0	0	0	0	0	0	0	0	0	0	0	0	0	0	0	0	0	0	0	0	0	0	0	0	0	0	0	0	0	0	0	0	0	0	0	0	0	0
Fungi;unidentified;?;?;?	6	0	0	0	0	96	1	1	0	0	0	0	8	4	0	0	1	4	82	0	0	1	0	0	59	0	0	0	2	4	324	1	3	0	0	0	11	0	0	0	0	5	789	2	2	0	0	0	1	0	0	0	106	0	2175	5	3	9	0	0	12	0	0	0	15	1	2	14	1	0	5	11	0	0	0	0	7	0	183	0	1	0	0	0	1	0	0	0	74	2	0	2	0	69	0	0	0	11	0	19	0
Fungi;unidentified;unidentified;?;?	35	0	0	0	0	1	187	1354	39	0	0	1	5	0	0	0	0	19	4	2	2	1	726	0	2	0	0	0	3	95	24	0	0	2	0	7	7	0	0	0	801	0	29	0	2	0	33	0	441	0	1	0	1	0	6	18	0	1	2	0	2	0	0	0	2	109	13	19	1	0	0	0	826	0	0	0	0	0	1	1	3	10	0	0	0	0	0	0	22	166	0	290	1	33	0	10	0	96	0	16	0
Fungi;unidentified;unidentified;unidentified;?	2	0	0	0	0	3	0	0	26	0	0	0	1	0	0	0	0	25	7	0	0	0	9	0	1	1	0	0	6	6	0	0	6	0	1	2	5	0	0	0	2	1	0	0	1	0	0	0	2	0	0	0	0	0	0	199	5	0	0	0	39	0	0	0	3274	0	0	2	0	0	0	4	11	0	0	0	4	0	0	0	0	10	0	0	0	0	0	0	0	0	0	0	0	14	0	7	0	16	0	5	0
Fungi;unidentified;unidentified;unidentified;unidentified	110	0	1	3	14	196	2705	215	108	655	156	150	56	6	0	0	1379	273	1484	218	603	670	2834	52	453	13	0	2	978	256	729	58	1141	71	73	254	106	14	0	0	1473	96	204	1344	741	40	312	2	600	2	10	149	501	0	396	845	853	661	441	63	112	0	0	2	273	602	6776	144	727	268	3	203	121	0	0	0	237	40	289	602	98	391	0	0	123	4	0	0	221	217	69	343	139	1323	3	208	0	499	0	98	0
Protista;?;?;?;?	0	0	0	0	0	1	0	0	0	0	0	0	0	0	0	0	0	0	0	0	0	0	0	0	0	0	0	0	0	0	0	0	0	0	0	0	0	0	0	0	0	0	0	0	0	0	0	0	0	0	0	0	0	0	0	0	0	0	0	0	3	0	0	0	0	0	0	0	0	0	0	0	0	0	0	0	0	0	0	0	0	0	0	0	0	0	0	0	0	0	0	0	0	0	0	0	0	0	0	0	0
Protista;Cercozoa;?;?;?	0	0	0	0	0	0	0	0	0	0	0	0	0	0	0	0	0	0	0	0	0	0	0	0	0	0	0	0	0	0	0	0	0	0	0	8	0	0	0	0	0	0	0	0	0	0	0	0	0	0	0	0	0	0	0	0	0	0	0	2	0	0	0	0	1	0	0	0	0	0	0	0	0	0	0	0	0	0	0	0	0	0	0	0	4	0	0	0	0	0	0	0	0	0	0	0	0	0	0	0	0
Protista;Ciliophora;?;?;?	0	0	0	0	0	0	0	0	0	0	0	0	0	0	0	0	0	0	0	0	0	0	0	0	0	0	0	0	0	0	0	0	0	0	0	0	0	0	0	0	0	0	0	0	0	0	0	0	0	0	0	0	0	0	0	0	0	0	0	0	0	0	0	0	0	0	2	0	0	0	0	0	1	0	0	0	8	0	0	0	0	0	0	0	0	0	0	0	0	0	0	0	0	0	0	0	0	1	0	0	0