Order	A1	A10	A11	A12	A2	A3	A4	A5	A6	A7	A8	A9	B1	B10	B11	B12	B2	B3	B4	B5	B6	B7	B8	B9	C1	C10	C11	C12	C2	C3	C4	C5	C6	C7	C8	C9	D1	D10	D11	D12	D2	D3	D4	D5	D6	D7	D8	D9	E1	E10	E11	E12	E2	E3	E4	E5	E6	E7	E8	E9	F1	F10	F11	F12	F2	F3	F4	F5	F6	F7	F8	F9	G1	G10	G11	G12	G2	G3	G4	G5	G6	G7	G8	G9	H1	H10	H11	H12	H2	H3	H4	H5	H6	H7	H8	H9	ITS1f	ITS4	ITS4-IT	ITS4A	gITS7
Fungi;?;?;?	17092	1	14	15	11719	31314	6298	49644	2082	2402	1425	1554	5265	612	0	15	40035	7803	5994	19131	2063	2171	4362	2017	15151	64	7	387	12500	16569	5656	2948	2649	6704	234	4305	10117	61	17	80	5669	13419	4127	8905	3453	2665	3802	10	24466	187	206	1030	13577	3	6224	7683	8543	10039	2567	1401	26205	0	0	19	14652	3403	41590	5998	978	5903	549	4498	3124	0	5	0	15602	586	55212	24846	1925	2372	21	0	7465	37	0	0	38944	9264	883	1895	17270	3202	20	1092	0	5862	0	1124	0
Fungi;Ascomycota;?;?	2853	0	49	34	1897	18496	6407	30202	1782	4374	4032	1322	8920	103	0	5	5984	5045	11023	5777	6380	2458	10324	1401	16368	54	6	94	13578	6305	18879	4633	8791	3794	750	8928	51391	242	73	29	4205	54220	11968	28731	13120	7337	8147	14	62291	346	353	2967	12433	1	17275	13930	14079	16840	755	7473	8780	1	1	63	10223	9088	11218	4741	3900	10754	399	6739	2943	0	14	0	6581	2616	7907	31245	5231	8981	23	0	14401	78	2	0	13373	11515	4315	3044	14271	8288	26	1399	0	6645	0	1472	0
Fungi;Ascomycota;Archaeorhizomycetes;?	15	0	0	0	156	1115	0	1	32	1	0	1	107	0	0	0	13	1	1	2	15	0	1	0	3	0	0	0	0	2	2	0	1	1224	2	5	1	0	0	0	10	2	0	1	8	861	5	0	2	0	0	0	19	0	5	3385	1	2497	0	2	4	0	0	7	0	6	0	12	1	540	29	2	0	0	0	0	0	0	18	2	1945	1	0	0	0	0	0	0	0	4	1	1	4971	730	0	91	0	25	0	214	0
Fungi;Ascomycota;Archaeorhizomycetes;Archaeorhizomycetales	6	0	0	2	2	14	0	0	3	39	747	0	2	11	0	3	1	0	1	1706	1	2	0	0	0	0	0	1	15	2	702	2	0	1	2	0	1	0	0	0	20	119	26	910	0	1	232	0	596	3	0	73	13	0	279	1	3	1	0	0	17	0	0	0	1	3	11	244	602	298	1	0	0	0	0	0	0	2	602	130	3	1	0	0	47	11	0	0	1	3	0	0	33	1	1	25	0	16	0	48	0
Fungi;Ascomycota;Dothideomycetes;?	6777	0	27	16	2066	6526	1999	14927	491	266	2819	1421	1115	52	0	0	4256	6451	2755	22284	8663	1108	9871	1174	4307	19	1	70	1566	2215	7951	2817	2932	1873	488	6622	4477	29	25	4	536	2920	3163	7056	1242	1294	6422	3	5258	110	224	726	2039	1	4839	7268	10198	7643	167	758	4068	0	0	30	7371	2375	2561	1136	3161	2138	110	3331	2539	0	2	0	4324	669	4711	1720	3180	6361	12	0	3978	54	1	0	8123	1196	973	1083	3247	2938	8	538	0	2226	0	504	0
Fungi;Ascomycota;Dothideomycetes;Botryosphaeriales	191	0	3	0	88	703	138	103	18	0	177	1216	8	0	0	0	79	138	178	47	564	45	207	407	250	0	0	2	109	264	254	21	11	0	15	3	186	0	0	0	21	123	87	92	2	17	123	0	78	0	0	6	220	0	22	199	73	83	5	15	22	0	0	0	833	23	139	9	194	6	20	1	60	0	0	0	12	1	2	48	13	506	0	0	11	2	0	0	233	324	1	86	30	167	0	28	0	67	0	11	0
Fungi;Ascomycota;Dothideomycetes;Capnodiales	1033	0	1	3	20	182	65	405	266	9	648	25	67	5	0	0	253	193	2160	3455	133	3	186	26	323	205	1	3	123	396	1095	5244	22206	35	123	85	64	25	0	4	58	441	599	877	1102	7	336	0	193	3	2	93	110	0	458	4	431	4	24	16	71	0	0	0	65	33	371	156	40	0	1	76	50	0	0	0	140	27	328	199	94	283	0	0	39	17	0	0	104	30	12	3	370	15	0	20	0	331	0	58	0
Fungi;Ascomycota;Dothideomycetes;Dothideales	149	0	0	0	3	27	104	214	32	0	1548	65	7	0	0	0	49	46	44	8	65	15	55	12	12	0	0	0	23	58	59	0	22	0	83	14	20	0	2	0	1	69	26	0	2	5	45	0	107	2	0	0	14	0	21	1	2	12	2	0	10	0	0	0	35	66	9	4	64	2	0	7	13	0	0	0	18	46	0	6	12	19	1	0	14	24	0	0	29	210	25	1	11	35	0	7	0	27	0	8	0
Fungi;Ascomycota;Dothideomycetes;Incertae sedis	0	0	0	0	3	0	0	0	51	0	0	0	0	0	0	0	0	0	0	0	32	0	0	0	0	0	0	0	0	0	0	0	0	2	4	8	0	0	0	0	0	0	7	0	0	0	0	0	0	0	1	0	0	0	4	0	1	0	0	0	1	0	0	0	0	0	0	0	0	0	0	0	0	0	0	0	1	0	0	0	13	1	0	0	0	0	0	0	10	0	0	1	187	0	0	3	0	2	0	2	0
Fungi;Ascomycota;Dothideomycetes;Jahnulales	15	0	0	0	12	27	0	250	0	1	0	0	13	0	0	0	42	2	1	0	0	2	2	0	1041	0	0	0	12	13	0	0	1	0	0	0	24	0	0	0	1	13	0	0	0	0	1	0	119	2	0	0	1	0	6	196	99	0	3	12	22	0	0	0	1	1	4	5	9	20	0	14	29	0	0	0	7	0	0	0	9	0	0	0	68	0	0	0	28	0	30	0	6	0	0	9	0	5	0	12	0
Fungi;Ascomycota;Dothideomycetes;Patellariales	0	0	0	0	0	0	0	0	0	0	0	3	0	0	0	0	0	0	1	0	0	0	0	11	11	0	0	0	0	0	17	0	0	0	0	0	6	0	0	0	0	0	0	0	0	0	0	0	1	0	0	0	0	0	0	0	0	0	0	0	0	0	0	0	0	0	2	0	0	0	0	0	0	0	0	0	0	0	0	0	0	0	0	0	0	0	0	0	0	0	0	0	0	0	0	0	0	1	0	0	0
Fungi;Ascomycota;Dothideomycetes;Pleosporales	23092	0	13	13	782	4717	3561	3854	4616	824	5816	2643	4713	30	0	2	1773	4913	4930	2922	5760	4032	9560	1611	5704	65	1	95	1193	2471	11971	1504	6560	1509	684	16852	3695	42	43	9	743	3455	3742	5179	2487	912	5684	8	3365	49	572	489	4125	2	4535	5579	12331	8417	192	2551	2404	1	0	16	2925	1186	2691	696	2635	5342	81	8385	1967	0	3	0	5183	1404	1934	2372	2374	6292	21	0	2307	105	0	0	8361	5672	352	1728	2977	5175	13	458	0	1731	0	397	0
Fungi;Ascomycota;Dothideomycetes;Venturiales	0	0	0	0	0	0	0	0	0	0	0	0	0	0	0	0	0	0	0	0	0	0	0	0	0	0	0	0	0	0	0	0	0	0	0	0	0	0	0	0	0	5	0	0	0	0	0	0	0	0	0	0	1	0	0	0	0	0	0	0	0	0	0	0	0	0	0	0	0	0	0	0	0	0	0	0	0	0	0	0	0	0	0	0	0	0	0	0	0	0	0	0	0	0	0	0	0	0	0	0	0
Fungi;Ascomycota;Dothideomycetes;unidentified	7796	0	1	1	149	512	1902	1072	1780	267	1003	154	114	34	0	0	947	369	1770	1270	15747	73	309	81	3016	68	1	9	226	265	1400	694	8193	4	51	143	285	13	29	0	132	629	576	4437	903	66	372	1	838	47	11	516	75	0	1218	952	1822	356	136	59	568	0	0	3	887	208	2552	366	186	665	8	273	205	0	1	0	616	1079	994	1307	214	276	5	0	2112	19	0	0	736	2703	66	277	2361	2180	3	100	0	545	0	143	0
Fungi;Ascomycota;Eurotiomycetes;?	183	1	5	0	161	1957	1779	5514	231	2269	533	125	184	10	0	3	669	135	2037	1076	1359	306	366	1679	263	6	0	3	450	138	5292	361	1376	636	29	1189	288	11	7	3	284	786	1211	5298	826	859	1390	3	7485	17	37	553	975	5	2663	3529	1856	601	39	269	189	0	0	2	175	2889	570	1142	141	1085	39	392	214	0	1	0	301	135	1129	3210	3696	490	3	0	853	11	0	0	387	744	22	1563	1337	808	5	236	0	717	0	166	0
Fungi;Ascomycota;Eurotiomycetes;Chaetothyriales	123	5	1	2	1110	13755	5829	2904	1264	8149	151	79	276	10	0	37	352	138	678	8081	563	524	232	235	1454	17	0	0	5860	135	6249	706	1570	656	69	266	81	179	3	2	293	474	21526	17325	9431	19196	469	1	24908	170	16	1841	299	0	14238	1591	1337	243	397	66	158	0	2	1	87	2473	5684	11784	367	118	269	832	99	0	8	0	193	182	1012	15763	1760	512	13	0	6989	6	4	0	131	366	303	166	40798	262	12	598	0	3070	0	505	0
Fungi;Ascomycota;Eurotiomycetes;Eurotiales	1394	2	439	199	1395	2258	15272	33525	15156	5725	35004	64905	562	54	0	21	12157	1377	19989	18324	15258	2710	14835	20486	812	86	0	43	4266	2595	21399	11771	14197	31761	3229	25266	1783	1446	2012	11	4831	1316	77211	12889	81443	11686	25653	1786	2204	42	903	1372	21454	17	13677	8346	58457	21250	708	17855	3626	1	0	67	2220	5051	11238	6947	45583	15557	71	24588	1367	4	17	0	2682	86212	3573	14415	16005	94043	156	0	826	673	6	0	4069	24873	4901	13586	8601	17380	36	3604	0	6257	0	1604	0
Fungi;Ascomycota;Eurotiomycetes;Incertae sedis	0	0	0	0	0	0	0	0	0	0	0	0	0	0	0	0	0	0	0	0	0	0	2	0	0	0	0	0	0	0	22	0	0	0	0	0	2	0	0	0	0	0	125	0	0	0	0	0	2	0	0	0	0	0	0	0	0	0	0	0	1	0	0	0	0	0	2	0	0	0	0	0	0	0	0	0	0	0	0	0	0	0	0	0	0	0	0	0	0	0	0	0	0	0	0	0	0	1	0	0	0
Fungi;Ascomycota;Eurotiomycetes;Onygenales	23	0	0	0	25	132	24	448	0	42	41	8	4	0	0	0	4	21	18	76	397	72	233	2	2	0	0	0	45	15	218	38	53	41	0	65	57	0	0	0	15	13	654	164	3	0	103	0	4	0	1	16	70	1	33	57	581	140	0	35	136	0	0	0	21	9	32	96	124	26	4	59	8	0	0	0	61	0	4	74	21	91	0	0	3	2	0	0	40	20	41	9	65	322	0	15	0	28	0	9	0
Fungi;Ascomycota;Eurotiomycetes;unidentified	0	0	0	0	0	0	4	0	0	1	0	0	0	0	0	0	0	0	0	0	0	0	0	0	0	0	0	0	0	1	0	0	0	0	0	0	32	0	0	0	0	0	3	0	0	0	0	0	351	0	0	0	0	0	0	0	0	0	0	0	0	0	0	0	0	0	3	5	0	0	0	0	0	0	0	0	0	0	0	0	0	0	0	0	1	0	0	0	0	12	0	0	0	1	0	3	0	3	0	0	0
Fungi;Ascomycota;Incertae sedis;?	11	0	0	3	3	17	121	24	1	1	67	256	3	0	0	0	32	5	41	8	19	24	43	84	193	0	0	0	11	7	14	4	71	69	25	181	3	3	0	0	3	8	130	14	135	21	42	0	62	0	6	2	23	0	18	8	332	52	0	53	16	0	0	0	60	10	34	3	877	44	1	448	3	0	0	0	13	0	45	2	28	144	0	0	32	3	0	0	24	2	9	119	30	16	0	8	0	71	0	8	0
Fungi;Ascomycota;Incertae sedis;Incertae sedis	37	0	0	0	67	733	57	117	124	27	410	151	15	0	0	1	62	83	116	243	521	78	905	132	397	0	0	1	156	86	436	245	70	158	54	371	52	0	0	0	40	106	728	385	15	157	668	0	115	3	16	47	249	0	518	214	268	650	24	56	38	0	0	2	77	68	339	121	188	176	13	1217	41	0	0	0	42	1	84	169	92	560	0	0	56	4	0	0	93	103	27	317	143	269	1	28	0	114	0	23	0
Fungi;Ascomycota;Lecanoromycetes;?	18	0	0	0	37	11	1	1	913	0	1	0	8	0	0	0	1	5	0	10	6	21	0	0	8	0	0	0	0	0	5	0	5	3	1	87	0	0	0	0	1	6	0	811	0	5	4	0	16	0	3	81	0	0	1	49	26	6	0	11	172	0	0	0	8	0	4	4	0	0	0	1	1	0	0	0	15	1	0	0	61	0	0	0	0	0	0	0	9	18	0	0	1483	0	0	24	0	24	0	13	0
Fungi;Ascomycota;Lecanoromycetes;Lecanorales	0	0	0	0	0	0	0	0	0	0	0	0	0	0	0	0	0	0	0	0	0	0	0	22	0	0	0	0	0	0	0	0	0	0	0	0	4	0	0	0	0	0	0	0	0	0	0	0	0	0	0	0	0	0	0	0	0	0	0	0	0	0	0	0	0	0	0	0	0	0	0	0	0	0	0	0	0	0	0	0	0	0	0	0	0	0	0	0	0	0	0	0	0	0	0	0	0	0	0	0	0
Fungi;Ascomycota;Lecanoromycetes;Ostropales	0	0	0	0	0	0	0	0	0	0	0	0	0	0	0	0	1	0	0	0	0	0	0	0	0	0	0	0	0	0	0	0	0	0	0	0	0	0	0	0	0	0	0	0	0	0	0	0	0	0	0	0	0	0	0	0	0	0	0	0	0	0	0	0	0	0	0	0	0	0	0	8	0	0	0	0	0	0	0	0	0	0	0	0	0	0	0	0	0	0	0	0	0	0	0	0	0	0	0	0	0
Fungi;Ascomycota;Lecanoromycetes;Pertusariales	0	0	0	0	0	0	27	0	0	0	0	0	0	0	0	0	0	0	0	0	0	0	0	0	1	0	0	0	0	0	0	0	0	0	0	0	0	0	0	0	0	0	0	0	0	0	0	0	0	0	0	0	0	0	0	0	0	0	0	0	0	0	0	0	0	0	0	3	0	0	0	0	0	0	0	0	0	0	0	0	0	0	0	0	0	0	0	0	0	0	0	0	0	0	0	0	0	1	0	0	0
Fungi;Ascomycota;Leotiomycetes;?	29	0	0	1	18	40	75	2	119	2	50	1	8	1	0	0	19	77	330	1	0	1	189	0	210	0	0	0	21	31	44	0	4	42	10	52	52	0	4	0	9	48	93	141	1	0	155	0	122	0	2	17	25	0	45	0	780	56	2	136	129	0	0	0	1470	20	15	20	96	4	1	320	22	0	0	0	42	140	10	0	0	65	1	0	6	0	0	0	7	0	0	1	0	588	0	8	0	37	0	11	0
Fungi;Ascomycota;Leotiomycetes;Helotiales	44	0	5	0	30	139	42	0	338	163	344	107	14	0	0	0	114	157	170	20	503	25	968	0	251	1	0	2	117	58	511	3	67	305	43	1066	51	0	1	0	26	83	315	20	5	18	504	2	55	4	36	0	161	0	447	200	621	240	17	45	767	0	0	1	231	185	224	25	105	303	4	48	45	0	2	0	165	51	4	582	66	450	2	0	37	3	0	0	603	235	0	33	11	102	0	11	0	72	0	21	0
Fungi;Ascomycota;Leotiomycetes;Incertae sedis	0	0	0	0	0	2	0	121	0	0	0	0	0	0	0	0	0	0	0	8	0	0	0	0	2	0	0	1	0	1	0	0	0	0	0	7	9	0	0	0	0	6	4	0	0	0	0	0	4	0	0	0	58	0	0	0	0	0	0	0	15	0	0	0	2	5	0	1	0	0	0	0	7	0	0	0	0	0	0	0	0	0	0	0	0	0	0	0	6	19	0	0	1	0	0	0	0	2	0	2	0
Fungi;Ascomycota;Leotiomycetes;Thelebolales	0	0	0	0	0	1	0	0	0	0	0	0	0	0	0	0	0	0	0	0	0	0	0	0	0	0	0	0	0	0	0	0	0	0	0	0	0	0	0	0	0	0	0	0	0	0	0	0	9	0	0	0	1	0	0	0	0	0	0	0	0	0	0	0	4	4	0	1	0	0	0	0	0	0	0	0	0	0	0	0	0	0	0	0	0	0	0	0	0	1	0	1	0	0	0	0	0	0	0	0	0
Fungi;Ascomycota;Orbiliomycetes;?	664	0	1	0	5	499	94	1	1	2	1	122	43	0	0	0	6	14	4997	32	2	26	0	19	23	0	0	0	56	402	921	0	6	42	2	0	109	0	0	1	13	172	636	4	1	2	0	0	458	0	0	0	307	0	54	105	43	0	10	25	412	0	0	0	105	8	65	47	1	1	10	3	5	0	0	0	364	1	2	13	4	104	0	0	6	0	0	0	213	43	0	1	5	0	0	5	0	45	0	14	0
Fungi;Ascomycota;Orbiliomycetes;Orbiliales	18	0	0	0	39	6	0	0	2	2	0	71	2	5	0	0	5	1	112	1	2	2	13	0	30	0	0	0	6	40	116	0	1	0	1	0	9	0	0	0	5	13	4211	1	0	0	45	0	4	0	0	0	79	0	0	65	382	0	0	8	1	0	0	0	15	1	21	31	3	0	0	0	5	0	0	0	14	1	320	0	0	0	0	0	0	0	0	0	15	0	0	0	1397	0	0	0	0	23	0	7	0
Fungi;Ascomycota;Orbiliomycetes;unidentified	0	0	0	0	0	0	0	0	0	0	0	0	0	0	0	0	0	0	0	0	0	0	0	0	0	0	0	0	5	4	0	0	0	0	10	0	0	0	0	0	0	7	0	0	0	0	9	0	0	0	0	0	0	0	0	0	0	0	0	0	0	0	0	0	0	0	1	0	0	0	0	0	0	0	0	0	0	0	0	0	0	0	0	0	0	0	0	0	0	0	0	0	0	0	0	0	0	0	0	0	0
Fungi;Ascomycota;Pezizomycetes;?	74	0	0	0	14360	1707	259	415	4	9	0	0	218	0	0	0	800	823	10	5	2175	20	81	0	33	0	0	111	276	53	905	33	28	0	4	1	182	7	1	0	29	733	5	314	142	0	102	0	82	15	0	26	11	0	47	614	1	0	7	3	239	0	0	0	121	151	37	285	13	26	38	64	326	0	0	0	208	75	30	4	56	17	1	0	341	1	0	0	12437	1434	2	22	13	711	0	12	0	222	0	262	0
Fungi;Ascomycota;Pezizomycetes;Pezizales	23	0	0	0	0	6	5	0	0	0	0	0	0	0	0	0	7	7	1	0	0	0	26	85	42	0	0	1	2	1	0	0	11	198	0	1	0	2	0	0	0	4	0	1	283	0	0	0	1	0	0	0	5	0	1	0	0	30	0	0	0	0	0	0	4	0	1	3	0	0	0	0	13	0	0	0	0	0	0	0	0	0	0	0	9	0	0	0	61	19	0	0	0	0	0	2	0	5	0	0	0
Fungi;Ascomycota;Saccharomycetes;Saccharomycetales	6	0	1	0	39	8	64	124	4	8	14	120	3	0	0	0	9	2	19	31	17	6	4	2	42	1325	0	0	45	6	10	11	199155	8	7	8	18	18	0	0	4	9	2	155	856	3	16	2	18	1	1	10	8	0	9	39	465	34	6	175	21	0	0	0	3	4	78	17	9	5	0	9	11	0	0	0	12	15	4	11	7	13	4	0	7	0	0	0	7	29	3	13	1430	8	3	248	0	939	0	163	0
Fungi;Ascomycota;Sordariomycetes;?	918	0	26	2	337	1869	1951	4408	977	2028	2619	512	362	5	0	0	2093	2394	7057	335	2860	348	6450	433	1894	14	2	14	4398	1955	40894	848	1461	408	636	1924	8388	61	3	14	459	1528	43954	4481	3732	426	8376	5	1822	40	74	476	6024	0	35843	3712	4512	1088	926	3673	10478	0	1	6	4387	268	15828	740	109	2074	38	1908	696	0	29	0	590	250	567	661	359	6753	4	0	1452	51	0	0	1193	392	222	2915	1617	5288	4	300	0	1541	0	382	0
Fungi;Ascomycota;Sordariomycetes;Boliniales	1	0	0	0	0	2	0	0	0	0	0	0	0	0	0	0	0	0	0	0	0	0	0	0	0	0	0	0	0	0	0	0	0	0	0	12	2	0	0	0	0	0	0	0	0	0	0	0	0	0	0	0	0	0	0	0	2	0	0	17	0	0	0	0	0	1	0	0	0	0	0	12	0	0	0	0	0	0	0	0	0	0	0	0	0	0	0	0	0	0	0	2	0	0	0	2	0	0	0	0	0
Fungi;Ascomycota;Sordariomycetes;Calosphaeriales	0	0	0	0	2	3	0	0	0	0	0	0	0	0	0	0	2	1	2	0	0	0	1	5	1	0	0	0	0	0	53	0	0	52	0	25	0	0	0	0	0	3	0	1	0	0	0	0	0	0	0	0	2	0	0	0	0	0	0	20	4	0	0	0	3	3	1	4	0	0	0	1100	0	0	0	0	0	0	0	0	2	2	0	0	0	0	0	0	4	10	0	9	0	0	0	3	0	3	0	0	0
Fungi;Ascomycota;Sordariomycetes;Chaetosphaeriales	0	0	0	0	0	0	0	0	0	0	0	0	0	0	0	0	0	0	0	0	0	0	0	0	0	0	0	0	0	0	8	0	0	0	0	0	0	0	0	0	0	0	0	0	0	0	0	0	0	0	0	0	0	0	0	0	0	0	0	0	0	0	0	0	0	0	0	0	0	0	0	0	0	0	0	0	0	0	0	0	0	0	0	0	0	0	0	0	0	0	0	0	0	0	0	0	0	0	0	0	0
Fungi;Ascomycota;Sordariomycetes;Coniochaetales	28	0	1	2	3	53	0	1	18	2	124	0	2	0	0	0	1	8	3	3	96	0	279	16	4	0	0	1	23	93	1358	0	9	1	1	179	3	0	0	0	2	10	29	0	1	13	26	2	2	0	4	0	189	0	6	0	60	2256	0	0	14	0	0	6	9	0	3	6	248	511	1	0	1	0	0	0	8	0	0	1	1	169	0	0	10	2	0	0	18	5	1	0	29	37	0	11	0	16	0	11	0
Fungi;Ascomycota;Sordariomycetes;Diaporthales	33	0	12	0	97	19	6	5	823	0	286	144	5	1	0	0	12	93	339	84	312	14	2405	521	26	0	0	0	3309	97	4656	1	58	43	137	109	49	3	0	1	100	73	1112	21	171	3	3884	1	20	0	3	2	45	0	923	19	65	52	281	102	42	0	0	1	189	25	4200	63	67	0	0	50	18	0	2	0	70	1	16	3	30	3078	2	0	23	11	0	0	107	35	1	119	3087	956	0	54	0	232	0	64	0
Fungi;Ascomycota;Sordariomycetes;Hypocreales	2909	1	56	34	3685	7111	9274	7841	11755	1422	23812	14569	1242	53	0	3	6738	6779	27043	5431	31771	3268	13004	8746	5608	70	3	182	6429	4855	26697	6371	6475	6141	1094	20218	2864	146	36	16	2060	4360	5525	17562	7778	2721	18014	35	4972	108	690	2080	13924	7	6885	34918	12507	15745	2428	8797	7783	1	1	57	3883	8428	37570	2043	8026	10094	139	17566	2979	0	2	0	6023	1466	3828	7193	52500	14449	10	0	3252	449	2	0	19402	6427	392	35851	5923	37965	18	2063	0	5157	0	1426	0
Fungi;Ascomycota;Sordariomycetes;Incertae sedis	46	0	0	1	12	127	529	1427	3	47	1	469	96	2	0	0	100	35	398	766	68	32	2	149	54	3	0	4	24	54	149	916	729	476	3	84	268	0	0	0	24	31	36	105	0	22	15	0	119	2	2	10	59	0	78	552	733	9	107	2	271	0	0	0	126	107	1523	47	88	440	4	62	130	0	0	0	29	9	279	50	439	138	0	0	228	0	0	0	96	33	6	299	291	229	1	51	0	99	0	27	0
Fungi;Ascomycota;Sordariomycetes;Microascales	5	0	0	0	11	9	72	142	0	2	0	8	0	0	0	0	3	7	1	6	40	0	70	0	5	0	0	6	9	1	6	81	2	5	0	46	57	0	0	0	0	0	23	39	0	8	0	0	43	2	2	5	4	0	37	1067	53	2	0	100	1	0	0	0	1	0	2	87	1	78	0	16	4	0	0	0	0	0	2	1	12	47	0	0	27	0	0	0	95	2	0	2776	0	27	0	26	0	31	0	6	0
Fungi;Ascomycota;Sordariomycetes;Ophiostomatales	0	0	0	0	0	0	0	0	0	0	0	0	0	0	0	0	1	0	92	0	16	0	0	0	0	0	0	0	0	0	1	0	0	0	0	0	10	0	0	0	0	0	0	0	0	0	0	0	0	0	0	0	0	0	0	0	0	0	0	340	0	0	0	0	0	0	1	0	0	0	0	0	1	0	0	0	0	0	0	0	0	0	0	0	1	0	0	0	0	0	1	1	0	21	0	1	0	3	0	1	0
Fungi;Ascomycota;Sordariomycetes;Sordariales	1872	3	71	32	12161	8583	10006	18544	1681	786	5248	14278	8456	33	0	4	4827	5069	7611	5922	7954	7084	6672	11382	5293	35	1	175	1977	5214	8911	14930	3991	12812	774	17169	3163	613	164	25	5533	5909	1555	17513	36465	12227	14945	14	4150	819	563	2037	8416	8	3029	20809	20327	11415	802	4185	5474	0	2	30	4447	2420	12511	1589	7493	2800	181	33133	4350	0	1	0	5858	6289	2584	2567	6618	15179	22	0	31362	101	5	0	18253	6398	1111	9465	9980	11179	11	1500	0	2929	0	974	0
Fungi;Ascomycota;Sordariomycetes;Trichosphaeriales	15	0	0	1	5	129	94	1	3224	0	0	3	15	0	0	0	107	12	38	2	6	20	0	0	24	0	0	1	18	21	138	1	8	0	1	15	6	0	0	0	4	31	83	0	0	1	16	0	47	2	0	0	38	0	38	1001	341	1	1	99	125	0	0	0	44	9	18	21	44	46	5	0	21	0	0	0	2	0	2	2	1	8	0	0	35	0	0	0	84	57	48	0	74	38	0	1	0	33	0	6	0
Fungi;Ascomycota;Sordariomycetes;Xylariales	829	0	7	10	54	279	268	334	1281	71	1009	330	79	2	0	2	149	399	199	270	1558	223	1205	446	340	13	0	4	171	286	696	176	1392	133	3844	830	119	50	8	0	69	218	262	671	2987	643	1019	0	13026	2	28	98	285	2	183	387	2740	807	9	77	173	2	0	9	247	743	236	218	1576	977	8	367	254	0	1	0	462	218	211	213	230	1835	3	0	172	25	0	0	652	490	31	209	354	780	4	144	0	330	0	98	0
Fungi;Ascomycota;Sordariomycetes;unidentified	119	0	0	1	22	312	190	129	1095	7	219	534	62	20	0	0	699	537	124	108	6	39	352	111	103	12	0	3	70	346	385	458	1060	88	92	196	215	0	0	2	136	153	813	1	4	0	270	1	44	1	7	3	135	0	35	568	1280	142	20	44	136	0	0	1	218	51	228	91	34	473	5	166	17	0	0	0	1829	1	816	77	39	557	0	0	63	1	0	0	479	34	2	4	14	142	1	28	0	159	0	31	0
Fungi;Ascomycota;Taphrinomycetes;Taphrinales	0	0	0	0	0	0	0	0	0	0	0	0	0	0	0	0	0	0	0	0	0	0	0	0	0	0	0	0	0	0	0	0	0	0	0	0	0	0	0	0	0	0	0	0	0	1	0	0	0	0	0	0	0	0	2	0	0	0	0	0	0	0	0	0	0	0	0	0	0	0	0	0	0	0	0	0	0	0	0	700	0	0	1	0	0	0	0	0	0	0	0	0	0	0	0	0	0	3	0	2	0
Fungi;Ascomycota;unidentified;?	81	0	0	5	40	1396	128	282	0	155	1	31	67	2	0	0	428	187	178	3	61	121	32	2	63	0	0	1	153	41	1439	13	11	1	107	31	112	27	0	1	6	102	83	2	1658	52	116	0	343	5	2	1	124	0	144	516	198	22	3	47	225	0	0	0	100	14	54	61	865	321	26	20	54	0	0	0	131	0	137	0	27	10	0	0	153	0	0	0	207	170	2	17	118	344	0	18	0	82	0	23	0
Fungi;Ascomycota;unidentified;unidentified	914	1	74	89	870	3307	17054	1512	18192	3255	19381	1609	603	4	0	14	1375	2882	3245	2873	5678	2357	5513	5593	1460	20	2	47	1852	2094	7590	2124	2014	1342	77866	10508	5259	52	26	5	8970	2789	4809	13481	3183	816	10744	13	1447	68	369	1554	38242	1	2915	13176	6458	4627	694	3990	8610	15	0	9	1273	16105	9856	3685	17871	14847	49	8772	1049	1	3	1	1664	1031	264	19673	5303	13663	7	0	1220	424	1	0	7198	13692	90292	11584	860	6689	11	2787	0	6368	0	1502	0
Fungi;Basidiomycota;?;?	39888	0	14	53	11486	20237	34739	361	2329	73	8091	6945	7510	2	0	0	9175	22039	1665	675	2939	237	1175	50953	14942	45	3	96	10770	50070	3333	824	2044	36	250	18637	96170	110	286	202	2498	35575	1895	398	6324	126	8914	197	8669	643	600	64	758	22	14663	643	2594	1099	1447	4390	55868	0	0	3	11511	426	20048	3049	528	1856	352	361	30184	0	10	0	137981	11669	148	4704	292	2894	87	0	25526	167	0	1	10402	2715	216	178	713	561	15	2082	0	5879	0	1115	0
Fungi;Basidiomycota;Agaricomycetes;?	2368	0	4	6	42	1062	209	226	697	79	290	7	52	43	0	0	57	2570	101	20	2372	88	1097	2637	467	20	0	35	4597	5008	1053	508	921	43	70	1466	3948	12	109	29	46	31091	13105	384	523	42	12738	9	10069	7	37	63	374	0	78340	1917	2348	120	3158	74	2211	0	0	0	72	661	51471	1124	94	388	13	27	188	0	62	0	4780	4165	2751	13322	161	786	26	0	113	4	0	0	4116	333	31	102	151	798	2	307	0	1330	0	307	0
Fungi;Basidiomycota;Agaricomycetes;Agaricales	3321	0	78	8	2667	32442	8210	29924	18338	29387	2265	1631	13307	328	0	6	69004	137046	23609	117311	34245	80487	2849	3302	30741	665	16	365	13611	3783	61061	75184	79764	1712	307595	5479	162431	1147	112	23	1858	69550	4547	63899	56910	3571	3725	23	43172	3672	256	7463	23382	10	53218	27107	6639	2478	429	1901	63102	72	4	5	23584	5545	7341	7022	1043	5026	680	3689	109602	1	44	0	6834	4686	23671	1183	1584	6611	175489	0	153203	44	2	0	43347	53388	632	8286	10927	33448	59	4959	0	15145	0	2615	0
Fungi;Basidiomycota;Agaricomycetes;Atheliales	0	0	0	0	0	0	0	0	0	0	0	0	0	0	0	0	0	0	0	0	0	0	0	0	0	0	0	0	0	0	0	0	0	0	0	0	0	0	0	0	0	0	0	0	0	0	0	0	0	0	0	0	0	0	0	0	0	0	0	0	0	0	0	0	1	0	0	0	0	0	0	0	0	0	0	0	0	0	0	0	0	0	0	0	0	0	0	0	0	0	5	0	0	0	0	0	0	0	0	0	0
Fungi;Basidiomycota;Agaricomycetes;Auriculariales	0	0	0	0	0	0	0	193	0	1	0	0	1	0	0	0	0	0	97	0	0	0	0	0	0	0	0	0	49	36	552	8	0	18	0	0	0	0	0	0	0	8	134	0	0	29	0	0	0	1	0	0	0	0	14	0	0	0	0	0	4	0	0	0	0	0	57	6	0	0	0	0	3	0	0	0	7	0	4	137	0	0	0	0	15	0	0	0	0	21	0	8	0	242	0	3	0	9	0	4	0
Fungi;Basidiomycota;Agaricomycetes;Boletales	117	5	6	28	32928	7862	32170	192	31083	279	557	109	3780	3	0	34	10589	9148	9411	102	21581	413	772	3840	26149	12	19	15	1189	31162	27200	139	729	76	111	537	204	0	310	132	197	14696	527	501	38	40	399	2	71594	294	19	119	1441	5	1534	13021	1540	358	633	65	1000	0	0	3	19095	20972	8439	16827	203	582	112	314	21027	0	0	0	26159	13429	180	15283	946	1076	43	0	13209	21	0	0	1631	20670	21	1164	19596	547	5	817	0	4658	0	885	0
Fungi;Basidiomycota;Agaricomycetes;Cantharellales	1237	0	0	45	530	3612	13	97	603	12	3421	7	376	0	0	0	2558	118	826	683	60	194	26503	8	1593	7	1	0	34074	54586	1278	433	514	0	31	22	980	0	1	229	12537	50388	790	656	21	5	83	2	1658	15	0	83	93	0	33	53890	127	6	35	3	7353	0	0	0	9116	1332	432	852	21	54	67	39	510	0	0	0	1415	9	24	136	16	7	7	0	236	55	0	0	46	227	16	4	34	82	1	201	0	3874	0	501	0
Fungi;Basidiomycota;Agaricomycetes;Corticiales	0	0	0	0	1	0	0	1	1	0	0	0	0	0	0	0	0	0	2	1	0	2	0	0	1	0	0	0	0	7	0	0	2	0	0	0	1	0	27	0	0	0	0	0	0	0	0	0	1	0	0	0	0	0	1	0	0	0	0	0	30	0	0	0	0	890	0	38	1	0	0	0	0	0	0	0	1	744	0	0	0	0	0	0	2	0	0	0	0	264	0	0	0	0	0	0	0	49	0	7	0
Fungi;Basidiomycota;Agaricomycetes;Geastrales	0	0	0	0	10	0	0	77	0	0	244	0	0	0	0	0	0	6	11	0	0	14	67	25	3	0	0	0	130	0	0	0	6	0	2	59	0	0	0	0	5	1	0	0	0	0	59	0	0	1	2	0	10	0	14	2	9	0	0	0	0	0	0	0	13	0	3	6	0	44	0	0	1	0	0	0	0	0	0	0	20	0	0	0	39	3	0	0	22	0	0	0	0	0	0	8	0	21	0	2	0
Fungi;Basidiomycota;Agaricomycetes;Hymenochaetales	0	0	0	0	0	16	0	0	0	0	0	0	1	0	0	0	0	2	0	0	41	1	3	0	0	0	0	0	0	2	43	0	0	887	0	0	0	0	0	0	0	0	2	59	0	0	141	0	2	0	0	3	0	0	0	1	8	9	0	0	0	0	0	0	0	0	0	0	0	0	0	0	1	0	0	0	1	0	0	0	0	0	0	0	0	0	0	0	1	0	0	2	0	1	0	4	0	27	0	0	0
Fungi;Basidiomycota;Agaricomycetes;Hysterangiales	9	0	0	0	31	29	94	1	129	41	21	0	1	0	0	0	311	27	299	386	174	28	221	0	6	0	0	0	21	32	1310	1	17	87	12	126	18	0	0	0	16	94	136	226	0	0	326	0	264	1	4	26	32	0	104	26	128	20	6	38	25	0	0	0	16	34	173	10	0	31	0	91	2	0	0	0	11	0	3	62	9	96	1	0	25	0	0	0	41	40	1	45	4	46	0	13	0	36	0	5	0
Fungi;Basidiomycota;Agaricomycetes;Incertae sedis	0	0	0	0	0	0	0	0	0	0	0	0	0	0	0	0	0	0	0	0	0	0	0	0	0	0	0	0	0	0	15	0	0	0	0	0	0	0	0	0	0	0	0	0	0	0	0	0	0	0	0	0	0	0	0	0	0	0	0	0	0	0	0	0	0	0	0	0	0	0	0	0	5	0	0	0	0	0	0	0	0	0	0	0	0	0	0	0	0	0	0	0	0	0	0	0	0	0	0	0	0
Fungi;Basidiomycota;Agaricomycetes;Polyporales	134	0	7	3	48	318	609	202	263	115	716	289	24	0	0	0	161	219	209	110	4723	119	658	412	108	3	0	1	125	172	459	876	148	412	44	1609	1071	0	2	0	191	188	122	569	6	245	451	1	198	3	49	62	187	0	281	527	1632	685	27	362	173	0	0	3	153	145	459	74	38	860	4	515	104	0	0	0	191	3	12	180	293	1113	10	0	229	14	0	0	290	117	26	316	228	670	1	67	0	221	0	38	0
Fungi;Basidiomycota;Agaricomycetes;Russulales	51816	1	6	42	64438	82972	2646	119090	1244	245	52	2214	402	4	0	2	1779	86739	20269	145613	15837	240	62	5313	38058	246	21	1678	6665	572	32487	139519	33891	1575	113	16224	8709	59	1973	9	25188	6264	856	394	2769	1057	156	5	60356	797	717	521	60923	1	119	74031	70609	38	1163	46228	21925	0	2	0	72019	39827	15135	7695	10068	3132	1475	30737	136452	0	0	0	137638	77457	354	157	297	676	132	0	34887	10	1	0	200382	76748	234	1212	136	25	19	2858	0	9885	0	1715	0
Fungi;Basidiomycota;Agaricomycetes;Sebacinales	103410	0	4	27	143	163	496	31	66042	29	19	2	20791	394	0	0	33394	54953	323	44	49	149	167	74	61082	19	20	9	768	21419	1164	25	466	85	70	10	829	5	6	86	836	28298	220	6512	83	4	465	2	51	88	1	707	22601	1	171	22	703	0	42	9	16199	0	0	0	59	88	500	1682	1401	36	6	6	71	0	1	0	3236	171	30602	17	528	1012	60	0	3527	7	0	0	1345	215	24	17	1102	199	3	369	0	3607	0	647	0
Fungi;Basidiomycota;Agaricomycetes;Thelephorales	6422	0	0	8	315	62992	2043	222	294	158	22	311	677	0	0	0	148	467	713	26	126	213	112	18	35	8	0	0	291	11199	110287	46	317	58	18	482	460	27	11	45	221	907	20368	1364	1742	21	395	0	4079	3	25	139	113	0	2545	94	3817	376	807	5	17031	0	0	0	2351	58	13352	761	13	621	975	28	2130	0	2	0	4977	276	21	738	30	88	2	0	77	1	0	0	160	1842	12	37	83	5	0	180	0	1314	0	273	0
Fungi;Basidiomycota;Agaricomycetes;Trechisporales	0	0	0	0	1	1	0	0	0	0	0	0	0	0	0	0	1	1	0	0	0	0	58	0	280	0	0	0	2	107	4	0	0	0	0	0	0	0	0	1	2	0	5	16	0	0	0	0	11	0	0	0	2	0	0	1	13	1	2	0	1	0	0	0	503	0	6	3	0	0	0	0	0	0	0	0	51	0	0	0	0	31	0	0	0	0	0	0	0	0	0	0	0	0	0	0	0	8	0	1	0
Fungi;Basidiomycota;Agaricomycetes;unidentified	1	0	1	0	1	1	1	0	0	0	0	0	1	1	0	0	3	11	1	0	0	2	28	25	0	0	0	0	1	0	5	0	13	0	1	26	1	0	0	0	0	5	3	61	0	30	0	0	4	2	2	5	7	0	1	4	544	42	0	0	5	0	0	0	2	4	2	0	0	0	0	0	2	0	0	0	17	0	0	1	9	78	0	0	8	0	0	0	19	0	0	22	1	12	0	3	0	1	0	1	0
Fungi;Basidiomycota;Agaricostilbomycetes;?	0	0	0	0	0	0	0	0	0	0	0	0	0	0	0	0	0	0	0	0	0	0	0	0	0	0	0	0	0	0	0	0	0	0	0	0	0	0	0	0	0	0	0	0	0	0	0	0	0	0	0	0	0	0	0	0	22	11	0	0	0	0	0	0	0	0	0	0	0	0	0	0	0	0	0	0	0	1	0	0	7	0	0	0	0	0	0	0	0	0	0	0	0	0	0	0	0	1	0	1	0
Fungi;Basidiomycota;Atractiellomycetes;Atractiellales	2	0	2	0	2	38	102	2	93	3	35	106	0	0	0	0	3	221	54	318	48	5	342	2	1	1	0	0	48	12	124	1	304	1	553	457	72	36	0	0	79	72	2	2	2548	0	163	1	3	0	17	0	295	0	116	1	34	2	0	0	7	0	0	0	2	6	2	12	1	116	4	1	4	0	0	0	15	225	8	2	0	768	5	0	0	2	0	0	15	2	0	16	1	339	2	25	0	90	0	30	0
Fungi;Basidiomycota;Exobasidiomycetes;Entylomatales	0	0	0	0	0	0	0	0	0	0	0	0	0	0	0	0	0	0	0	0	0	0	0	0	0	0	0	0	0	0	0	0	0	0	0	0	10	0	0	0	0	0	0	0	0	0	0	0	0	0	0	0	0	0	0	0	0	0	0	0	0	0	0	0	0	0	0	0	0	0	0	0	0	0	0	0	0	0	0	0	0	0	0	0	0	0	0	0	0	0	0	0	0	0	0	0	0	0	0	0	0
Fungi;Basidiomycota;Exobasidiomycetes;Exobasidiales	0	0	0	0	0	0	0	0	0	0	0	0	0	0	0	0	0	0	0	0	0	0	0	0	0	0	0	0	0	0	0	0	3	0	0	0	0	0	0	0	0	0	0	0	0	0	0	0	0	0	0	0	0	0	0	0	0	0	0	0	0	0	0	0	1	0	0	0	0	0	0	0	0	0	0	0	0	0	0	0	0	0	0	0	0	0	0	0	0	0	0	0	0	0	0	0	0	0	0	0	0
Fungi;Basidiomycota;Exobasidiomycetes;Incertae sedis	13	0	0	0	1	7	164	105	0	2	46	42	6	3	0	0	60	3	203	17	217	25	7	78	602	0	0	1	6	16	6	9	12	10	15	67	63	5	7	0	15	2	30	76	266	12	23	1	254	2	0	7	8	0	55	12	8	8	3	69	23	0	0	0	21	18	20	6	28	37	0	48	35	0	0	0	115	206	202	1490	10	21	1	0	11	1	0	0	145	22	0	23	13	54	1	22	0	23	0	13	0
Fungi;Basidiomycota;Exobasidiomycetes;Microstromatales	0	0	0	0	0	7	0	0	1	0	0	17	0	0	0	0	0	0	2	0	0	0	0	0	0	0	0	0	0	0	2	0	4	0	0	0	0	0	1	0	0	0	0	0	0	0	0	0	0	0	0	0	0	0	0	0	0	7	0	0	1	0	0	0	0	0	0	0	0	0	1	0	0	0	0	0	0	37	0	0	0	0	0	0	8	0	0	0	0	0	0	0	0	0	0	0	0	1	0	1	0
Fungi;Basidiomycota;Incertae sedis;?	0	0	0	0	211	2	0	2	0	55	0	0	0	0	0	0	15	0	0	0	15	1	0	0	3	2	0	0	0	3	1	0	512	0	1	0	2	0	0	0	2	0	0	0	1	0	0	0	0	0	1	0	0	0	0	1	2	0	0	0	0	0	0	0	1	0	0	46	8	0	0	0	0	0	0	0	2	1	2	0	0	0	0	0	2	0	0	0	1	1	0	0	8323	0	0	0	0	100	0	7	0
Fungi;Basidiomycota;Incertae sedis;Malasseziales	16	0	0	0	710	33	176	198	723	525	4	9	6	35	0	1	106	15	99	13	2066	35	6	48	767	24	0	0	5	8	74	1278	3713	2	1	14	92	122	2	0	3	27	32	176	6290	18	9	1	457	1	0	11	17	0	19	318	2524	25	8	3	36	0	0	0	25	8	71	308	95	27	3	5	81	0	0	0	65	105	2326	35	155	7	2	0	16	0	0	0	85	105	21	8	27618	7	1	10	0	514	0	96	0
Fungi;Basidiomycota;Microbotryomycetes;?	0	0	0	0	1	0	0	1	0	0	0	0	0	0	0	1	0	0	0	0	2	0	58	1	0	0	0	0	4	0	91	0	1	0	0	0	1	10	0	0	0	1	52	0	601	0	22	0	13	0	0	0	2	2	55	0	16	0	1	0	0	0	0	0	0	0	22	143	0	0	0	0	0	0	0	0	0	0	1	48	25	0	1	0	6	0	0	0	8	0	0	77	17	0	1	5	0	7	0	5	0
Fungi;Basidiomycota;Microbotryomycetes;Sporidiobolales	26	0	0	0	1	15	1	4	83	6	33	85	5	0	0	0	8	35	154	17	11	2	107	45	1	0	0	1	48	10	275	47	2	0	49	14	8	12	0	1	26	37	206	98	438	2	201	0	18	0	0	7	152	0	74	449	178	56	3	1	19	0	0	0	12	11	46	7	75	30	0	98	12	0	0	0	30	1	2	3229	32	23	2	0	5	0	0	0	67	87	1	10	24	18	1	13	0	34	0	10	0
Fungi;Basidiomycota;Tremellomycetes;?	5	0	2	0	0	4	0	0	0	0	0	0	2	0	0	0	13	25	59	0	0	0	0	0	0	0	0	0	2	0	61	0	3	0	3	0	8	0	0	0	1	46	24	0	0	0	34	0	0	0	0	0	1	0	21	0	69	40	1	0	1	0	0	0	0	0	41	5	0	0	0	0	1	0	0	0	4	0	0	1	20	75	0	0	0	0	0	0	0	0	2	0	0	10	0	0	0	3	0	2	0
Fungi;Basidiomycota;Tremellomycetes;Cystofilobasidiales	0	0	0	0	0	11	0	0	0	0	0	0	1	0	0	0	0	0	0	288	0	0	0	0	2	0	0	0	0	0	1	0	2	0	0	42	0	2	0	0	0	0	0	0	157	0	0	0	1	0	1	0	0	0	0	0	5	0	0	0	1	0	0	0	0	0	0	0	0	0	0	0	0	0	0	0	0	0	15	0	18	0	0	0	0	0	0	0	9	1	0	0	1	0	0	0	0	4	0	1	0
Fungi;Basidiomycota;Tremellomycetes;Filobasidiales	2	0	0	0	0	3	13	121	1	1	279	46	0	4	0	0	0	0	2	0	0	0	0	1	0	0	0	0	0	0	1	0	1	7	0	0	0	4	0	0	0	0	0	82	104	16	14	0	2	0	0	7	5	0	0	33	67	10	0	10	1	0	0	0	51	1	0	0	108	0	1	182	16	0	0	0	0	0	873	0	21	0	0	0	4	6	0	0	22	1	54	0	35	0	0	9	0	19	0	7	0
Fungi;Basidiomycota;Tremellomycetes;Tremellales	15	0	0	2	4	24	47	80	846	0	1649	37	1	0	0	0	1	24	31	73	211	66	616	20	6	0	0	0	7	48	51	0	18	0	82	47	7	1	0	0	1	71	51	171	134	0	236	0	1	0	0	19	31	0	25	2	14	115	1	2	24	0	0	0	10	0	85	0	114	19	1	66	27	0	0	0	17	0	2	8	21	252	1	0	1	38	0	0	9	4	79	29	33	72	0	17	0	40	0	7	0
Fungi;Basidiomycota;Tremellomycetes;Trichosporonales	0	0	0	0	6	0	0	1	25	0	92	0	3	0	0	0	1	6	2	0	0	0	8	0	1	0	0	0	3	1	20	0	0	0	0	1	0	4	0	0	2	1	6	64	198	1	21	0	0	0	0	10	14	0	1	0	0	0	0	0	1	0	0	0	5	38	1	2	0	0	0	0	1	0	0	0	0	0	0	0	6	0	0	0	0	2	0	0	6	0	0	5	232	28	0	3	0	10	0	1	0
Fungi;Basidiomycota;Tremellomycetes;unidentified	0	0	0	6	3	15	37	27	1162	280	0	39	1	5	0	0	6	5	8	691	103	9	85	46	133	0	0	0	0	4	7	623	6	1	4	0	9	40	3	1	0	2	4	20	2165	23	130	530	89	0	0	1	3	1	17	861	463	1	15	0	29	0	0	0	8	5	95	40	725	1	1	32	0	2	0	0	7	185	712	3	8	7	1	0	0	0	0	0	11	1	3	10	3	0	2	16	0	97	0	23	0
Fungi;Basidiomycota;Ustilaginomycetes;?	0	0	0	0	0	0	0	0	0	0	0	0	0	0	0	0	0	0	0	5	0	16	0	0	0	0	0	0	0	0	0	1	0	0	0	0	9	0	0	0	0	0	0	0	0	0	0	0	0	0	0	0	0	0	0	0	0	0	0	0	0	0	0	0	0	0	0	0	0	0	0	0	0	0	0	0	0	0	0	0	0	0	0	0	0	0	0	0	0	0	0	13	0	0	0	0	0	0	0	0	0
Fungi;Basidiomycota;Ustilaginomycetes;Ustilaginales	6	0	0	0	6	22	0	6	0	0	0	0	1	0	0	0	4	12	61	0	3	0	2	0	11	0	0	0	3	0	8	10	1	0	0	14	1	0	0	0	0	3	14	56	0	10	8	0	12	0	0	5	15	0	2	0	0	29	1	1	8	0	0	0	1	5	33	0	0	0	0	0	8	0	0	0	3	0	0	4	0	15	0	0	0	0	0	0	1	10	0	4	108	8	0	3	0	2	0	2	0
Fungi;Basidiomycota;Wallemiomycetes;Geminibasidiales	45	0	4	119	51	101	4745	415	1595	3337	1070	311	70	0	0	18	3924	77	3668	2634	641	809	105	1616	858	28	1	7	1847	62	2286	740	3009	130	19	2707	329	0	10	2	2508	73	259	3843	8	33	251	9	4273	26	79	422	603	1	2616	12729	3354	14	1301	131	343	0	2	0	77	2840	20565	5977	29278	135	4	514	391	0	4	0	295	231	12	3059	896	374	10	0	1128	14	0	0	260	756	110	3097	1002	319	14	619	0	1237	0	254	0
Fungi;Basidiomycota;Wallemiomycetes;Wallemiales	0	0	0	0	0	0	3	3	0	4	0	0	0	0	0	0	0	1	2	0	3	3	0	0	0	4	0	0	11	0	5	1	387	0	0	0	4	46	3	0	0	1	1	1	2342	0	1	0	0	0	0	0	0	0	1	0	0	0	0	0	0	0	0	0	0	5	0	18	2	0	1	0	1	0	0	0	0	158	1	2	168	0	0	0	0	0	0	0	0	0	0	1	1	0	0	0	0	27	0	5	0
Fungi;Basidiomycota;unidentified;unidentified	3	0	0	0	0	9	0	0	0	0	0	2	0	0	0	0	0	3	0	1	0	0	0	1	0	0	0	0	0	0	3	0	0	0	0	0	2	0	0	0	3	6	2	0	0	0	0	0	404	0	0	0	1	0	2	1	0	1	0	0	1	0	0	0	0	0	1	0	0	0	0	0	0	0	0	0	3	0	1	296	7	0	1	0	0	0	0	0	0	0	0	2	0	12	1	3	0	11	0	0	0
Fungi;Chytridiomycota;?;?	209	0	6	9	185	424	2200	764	481	207	2455	357	298	9	0	2	412	387	464	6061	2739	554	675	380	473	28	0	9	199	289	647	318	2547	139	39	701	760	8	0	1	233	289	801	1765	381	662	724	2	776	15	30	206	947	0	349	1346	1294	401	69	80	534	0	0	1	157	1336	821	174	1685	1072	5	628	219	0	0	0	223	22	515	971	204	1164	7	0	260	41	0	0	836	741	287	481	473	903	7	158	0	319	0	67	0
Fungi;Chytridiomycota;Chytridiomycetes;?	21	0	2	3	17	70	601	126	33	73	471	100	13	0	0	0	21	301	363	3224	537	63	189	25	99	0	0	3	26	34	714	17	31	47	35	89	172	0	1	0	86	58	147	233	87	83	187	0	95	2	5	43	138	0	127	937	296	65	34	38	48	0	0	0	26	493	447	117	125	440	1	39	24	0	0	0	28	3	3	193	18	234	3	0	57	13	0	0	158	206	59	90	3	91	1	54	0	81	0	7	0
Fungi;Chytridiomycota;Chytridiomycetes;Rhizophlyctidales	1	0	0	0	41	33	1	0	2443	2	0	10	1	1	0	0	7	0	0	1529	1	41	0	0	2	0	0	0	1	2	105	0	4	0	0	0	149	9	0	0	1	0	5	19	309	0	0	0	40	0	0	2	0	0	1	282	0	0	0	0	62	0	0	0	1	7	0	12	2	0	0	0	12	0	0	0	1	1	89	0	1	0	0	0	0	0	0	0	60	1	31	0	4	0	0	1	0	10	0	4	0
Fungi;Chytridiomycota;Chytridiomycetes;Spizellomycetales	13	0	0	0	18	67	0	64	1	17	1	39	2	0	0	0	26	11	1	7	67	0	41	0	195	0	0	0	0	504	21	0	3	0	0	441	22	0	0	1	13	13	27	2	0	0	0	0	21	0	16	1	37	0	15	0	113	14	4	0	4	0	0	0	17	24	93	2	1	95	0	0	5	0	0	0	0	0	0	0	1	0	0	0	0	0	0	0	75	0	0	90	0	16	0	4	0	15	0	2	0
Fungi;Chytridiomycota;Monoblepharidomycetes;?	0	0	0	0	0	0	0	0	0	0	0	0	0	0	0	0	0	0	0	0	0	0	0	0	0	0	0	0	0	0	0	0	0	0	0	0	0	0	0	0	0	0	0	0	0	0	0	0	0	0	0	0	0	0	0	0	0	11	0	0	0	0	0	0	0	0	0	0	0	0	0	0	1	0	0	0	0	0	0	0	0	0	0	0	0	0	0	0	9	0	0	0	0	0	0	0	0	0	0	0	0
Fungi;Chytridiomycota;unidentified;unidentified	0	0	0	0	0	0	0	0	0	0	0	0	0	0	0	0	0	2	4	0	0	0	58	0	0	0	0	0	42	3	0	163	0	0	0	0	0	0	0	0	2	0	0	0	0	0	8	0	0	0	0	2	0	0	1	0	13	0	0	0	0	0	0	0	0	43	0	3	1	0	0	0	0	0	0	0	0	0	1	0	0	0	0	0	3	0	0	0	0	0	0	0	2	36	0	0	0	6	0	1	0
Fungi;Glomeromycota;?;?	423	0	0	2	67	1436	12	623	264	2	0	0	47	0	0	0	1514	86	2	1	1	8	0	1	447	0	0	2	109	346	479	1	17	0	3	2	189	0	3	0	34	267	2615	1497	5	0	1	0	1556	19	3	147	58	0	69	232	1048	0	11	0	572	0	0	0	226	3	147	71	13	3	31	1	95	0	0	0	171	150	78	31	4	4	0	0	590	0	0	0	140	238	0	6	5	0	1	9	0	98	0	19	0
Fungi;Glomeromycota;Glomeromycetes;?	311	0	0	0	18	275	64	194	1	2	0	0	36	0	0	0	716	8	3	3	2	2	0	0	697	0	1	0	50	13	1362	397	20	0	4	22	67	0	0	0	2	493	2425	774	1	0	2	0	1234	4	0	101	24	0	444	711	0	0	13	0	844	0	0	0	402	1	136	42	5	0	3	0	44	0	0	0	48	1	3	0	6	0	0	0	218	0	0	0	98	5	1	3	19	0	1	2	0	79	0	15	0
Fungi;Glomeromycota;Glomeromycetes;Diversisporales	19	0	0	0	1	0	35	0	0	0	0	0	1	0	0	0	33	0	0	0	3	0	0	0	0	0	0	0	0	0	0	0	0	0	0	0	0	0	0	0	0	1	0	0	0	0	0	0	22	0	0	0	0	0	0	0	0	0	0	0	0	0	0	0	0	0	0	1	0	0	0	0	3	0	0	0	0	0	0	0	0	0	0	0	5	0	0	0	0	0	0	0	0	0	0	0	0	0	0	2	0
Fungi;Glomeromycota;Glomeromycetes;Glomerales	43	0	0	0	27	2777	14	938	3	1	0	0	16	0	0	0	899	89	152	0	1	10	0	0	6	0	0	2	193	59	1820	1	3	1	0	2	966	0	0	0	31	205	3320	842	7	0	1	0	1941	10	3	85	220	0	2001	260	1286	0	32	0	194	0	0	0	62	1	527	108	7	0	46	0	87	0	3	1	186	1	5	2	2	7	0	0	250	0	0	0	440	9	2	5	4	0	0	15	0	100	0	29	0
Fungi;Glomeromycota;Glomeromycetes;unidentified	0	0	0	0	1	0	0	0	0	0	0	0	0	0	0	0	0	0	0	0	0	0	0	0	0	0	0	0	0	0	0	0	3	0	0	0	18	0	0	0	1	0	0	0	0	0	0	0	0	0	0	0	0	0	0	302	137	0	0	0	44	0	0	0	13	0	1	1	1	0	0	0	0	0	0	0	5	0	0	0	0	0	0	0	6	0	0	0	3	0	0	0	0	0	0	0	0	4	0	0	0
Fungi;Glomeromycota;unidentified;unidentified	0	0	0	0	0	0	0	0	0	0	0	0	0	0	0	0	0	0	0	0	0	0	0	0	0	0	0	0	0	0	0	0	0	0	0	0	0	0	0	0	0	0	0	0	0	0	0	0	21	1	0	0	0	0	0	0	0	0	0	0	0	0	0	0	0	0	0	0	0	0	0	0	0	0	0	0	0	0	0	0	0	0	0	0	37	0	0	0	0	0	0	0	0	0	0	0	0	0	0	0	0
Fungi;Incertae sedis;?;?	76	0	0	0	1	9	0	1	0	0	0	0	0	0	0	0	6	4	7	0	0	0	0	0	4	0	0	0	0	1	31	0	0	0	0	8	13	3	0	0	0	0	9	0	177	0	0	0	64	0	0	0	0	0	0	5	0	1	0	0	4	0	0	0	5	1	0	1	1	0	1	26	7	0	0	0	0	1	0	0	0	0	0	0	7	0	0	0	0	17	0	0	0	6	0	2	0	2	0	1	0
Fungi;Incertae sedis;Incertae sedis;Incertae sedis	0	0	0	0	1	0	1	0	0	0	0	0	0	0	0	0	4	4	1	0	1	0	12	0	165	0	0	0	0	0	11	0	0	0	1	19	1	0	0	0	0	1	0	0	0	0	0	0	0	0	1	0	0	0	1	1	2	0	0	0	0	0	0	0	480	4	2	2	0	0	0	2	0	0	0	0	0	0	0	0	0	0	0	0	14	0	0	0	0	0	0	0	0	0	0	2	0	8	0	2	0
Fungi;Rozellomycota;?;?	0	0	0	0	0	13	94	1	0	0	0	0	0	0	0	0	0	0	0	0	0	0	0	0	0	0	0	0	0	0	0	0	0	0	0	53	0	0	0	0	0	4	0	0	0	0	0	0	0	0	2	0	5	0	0	0	0	0	0	0	0	0	0	0	4	0	1	2	0	0	0	0	0	0	0	0	0	0	0	0	0	0	0	0	0	0	0	0	0	0	0	0	0	0	0	0	0	2	0	0	0
Fungi;Rozellomycota;unidentified;?	0	0	0	0	0	15	0	0	0	0	0	0	0	0	0	0	0	0	0	0	0	0	0	0	2	0	0	0	0	0	0	0	0	0	0	4	0	0	0	0	0	1	0	0	0	0	1	0	0	0	1	0	3	0	0	0	0	0	0	0	0	0	0	0	2	0	0	0	0	0	0	0	0	0	0	0	0	0	0	0	0	0	0	0	0	0	0	0	0	0	0	0	11	0	0	0	0	0	0	0	0
Fungi;Rozellomycota;unidentified;unidentified	0	0	0	0	0	0	0	0	0	0	0	0	0	0	0	0	0	0	0	0	0	0	0	0	0	0	0	0	0	0	0	0	0	0	0	3	0	0	0	0	0	0	0	0	0	0	0	0	0	0	1	0	0	0	0	0	0	0	0	0	0	0	0	0	0	0	9	0	0	0	0	0	0	0	0	0	0	0	0	0	0	0	0	0	0	0	0	0	0	0	0	0	0	0	0	0	0	0	0	0	0
Fungi;Zygomycota;?;?	26	0	0	0	4	7	18	2	66	5	7	5	13	3	0	0	2	2	153	352	13	23	38	4	3	0	0	1	2	1	12	10	1	4	0	49	1	0	0	0	0	4	4	33	0	0	4	0	37	0	1	2	6	0	4	163	26	23	7	10	43	0	0	0	47	8	75	21	2	39	0	212	28	0	0	0	347	26	68	467	19	14	0	0	0	0	0	0	51	6	0	85	95	302	0	17	0	13	0	4	0
Fungi;Zygomycota;Incertae sedis;?	0	0	0	0	2435	1	1043	0	69	0	62	14	5	1	0	0	63	50	8	0	35	15	11	0	0	0	0	0	4	1	1991	1	4	0	5	1	204	0	0	0	15	2	29	0	1	0	3	0	8	0	0	1	79	0	1	0	38	0	0	0	0	0	0	0	7	29	4	35	2	0	0	437	1	0	0	0	39	0	168	198	0	9	0	0	0	0	0	0	47	51	2	0	1	8	0	8	0	52	0	19	0
Fungi;Zygomycota;Incertae sedis;Basidiobolales	0	0	0	0	0	0	0	0	0	0	0	0	0	0	0	0	0	0	0	0	0	0	0	0	0	0	0	0	0	0	0	0	0	0	0	0	0	0	0	0	0	0	0	0	0	0	0	0	0	0	0	0	147	0	0	0	0	0	0	0	0	0	0	0	0	0	0	0	0	0	0	0	0	0	0	0	0	0	0	0	0	0	0	0	0	0	0	0	0	0	0	0	0	0	0	0	0	1	0	0	0
Fungi;Zygomycota;Incertae sedis;Mortierellales	38	0	5	0	82	22	1027	821	17	12	3	0	53	0	0	0	176	72	5	132	15	2	625	22	401	0	0	3	72	73	73	456	88	0	9	680	192	0	2	0	8	4	125	403	5	0	112	0	58	51	24	37	67	0	883	868	31	21	45	0	44	0	0	0	71	40	882	30	2	51	0	40	47	0	1	0	6	84	3	61	305	692	2	0	1870	0	0	0	72	263	8	98	54	8	0	22	0	89	0	20	0
Fungi;Zygomycota;Incertae sedis;Mucorales	47	0	0	0	2	2	48	353	83	0	16	916	2	0	0	0	0	39	77	82	24	202	92	157	6	0	0	0	6	1	3	170	29	50	5	134	26	0	0	0	0	11	105	130	0	0	9	2	94	0	8	8	73	0	15	100	321	18	10	21	0	0	0	0	1106	0	177	262	63	0	0	88	15	0	0	0	19	0	7	0	15	416	0	0	2	0	0	0	31	0	18	229	2	32	2	20	0	41	0	14	0
Fungi;unidentified;?;?	6	0	0	0	0	96	1	1	0	0	0	0	8	4	0	0	1	4	82	0	0	1	0	0	59	0	0	0	2	4	324	1	3	0	0	0	11	0	0	0	0	5	789	2	2	0	0	0	1	0	0	0	106	0	2175	5	3	9	0	0	12	0	0	0	15	1	2	14	1	0	5	11	0	0	0	0	7	0	183	0	1	0	0	0	1	0	0	0	74	2	0	2	0	69	0	0	0	11	0	19	0
Fungi;unidentified;unidentified;?	35	0	0	0	0	1	187	1354	39	0	0	1	5	0	0	0	0	19	4	2	2	1	726	0	2	0	0	0	3	95	24	0	0	2	0	7	7	0	0	0	801	0	29	0	2	0	33	0	441	0	1	0	1	0	6	18	0	1	2	0	2	0	0	0	2	109	13	19	1	0	0	0	826	0	0	0	0	0	1	1	3	10	0	0	0	0	0	0	22	166	0	290	1	33	0	10	0	96	0	16	0
Fungi;unidentified;unidentified;unidentified	112	0	1	3	14	199	2705	215	134	655	156	150	57	6	0	0	1379	298	1491	218	603	670	2843	52	454	14	0	2	984	262	729	58	1147	71	74	256	111	14	0	0	1475	97	204	1344	742	40	312	2	602	2	10	149	501	0	396	1044	858	661	441	63	151	0	0	2	3547	602	6776	146	727	268	3	207	132	0	0	0	241	40	289	602	98	401	0	0	123	4	0	0	221	217	69	343	139	1337	3	215	0	515	0	103	0
Protista;?;?;?	0	0	0	0	0	1	0	0	0	0	0	0	0	0	0	0	0	0	0	0	0	0	0	0	0	0	0	0	0	0	0	0	0	0	0	0	0	0	0	0	0	0	0	0	0	0	0	0	0	0	0	0	0	0	0	0	0	0	0	0	3	0	0	0	0	0	0	0	0	0	0	0	0	0	0	0	0	0	0	0	0	0	0	0	0	0	0	0	0	0	0	0	0	0	0	0	0	0	0	0	0
Protista;Cercozoa;?;?	0	0	0	0	0	0	0	0	0	0	0	0	0	0	0	0	0	0	0	0	0	0	0	0	0	0	0	0	0	0	0	0	0	0	0	8	0	0	0	0	0	0	0	0	0	0	0	0	0	0	0	0	0	0	0	0	0	0	0	2	0	0	0	0	1	0	0	0	0	0	0	0	0	0	0	0	0	0	0	0	0	0	0	0	4	0	0	0	0	0	0	0	0	0	0	0	0	0	0	0	0
Protista;Ciliophora;?;?	0	0	0	0	0	0	0	0	0	0	0	0	0	0	0	0	0	0	0	0	0	0	0	0	0	0	0	0	0	0	0	0	0	0	0	0	0	0	0	0	0	0	0	0	0	0	0	0	0	0	0	0	0	0	0	0	0	0	0	0	0	0	0	0	0	0	2	0	0	0	0	0	1	0	0	0	8	0	0	0	0	0	0	0	0	0	0	0	0	0	0	0	0	0	0	0	0	1	0	0	0