1505.746230607916
1506.4303726422597
1506.9542689667369
1511.2362446387742
1503.4130896960833
1508.8510797900512
1510.2593868588015
1508.3681221141339
1513.5072946277755
1517.0918474775931
1516.9736891552302
1512.5693968169685
1519.6671933546572
1517.3580926915831
1499.4200430309152
1495.329013785813
1501.7112320796391
1524.780386433185
1513.6899540538157
1515.0959999717281
1512.0256008183992
1514.0093802553529
1513.7579945646044
1514.4506501044029
1506.1552414920725
1512.4410368370111
1515.5619332706126
1514.0581747217971
1510.3037223756519
1506.777689276578
1504.9245310129954
1514.4335032680563
1522.3130963744047
1528.547604531756
1508.7025741999446
1500.6034771621719
1492.7703790895282
1493.0448734953738
1502.2151634530528
1522.6915105763499
1516.4345233622464
1512.2915814810437
1512.0960842370796
1510.7831941672025
1506.6561342146538
1502.8356956916284
1496.9668296137252
1500.789208769917
1501.9546613256309
1496.5628877993731
1494.4847781388903
1495.2290719764414
1509.5783308907835
1504.3491962200378
1503.088159625722
1512.3432725326411
1507.3265600138204
1502.621540781307
1504.4129069568742
1503.1750920525878
1500.8719856590185
1496.5687973551439
1508.5530593411534
1506.0253462991925
1506.6613593181833
1499.569023449538
1505.2192808200014
1508.7466837044703
1506.4569171942526
1496.3643066552359
1501.9598432752784
1510.5837169194992
1508.7596708429346
1516.8045882166875
1506.734855513557
1506.1013903110106
1508.0852611018972
1513.8526901261935
1515.765048238296
1510.0290393888254
1512.8751695366082
1512.4954579534524
1512.4394808588343
1507.7412551648295
1513.0815995985204
1514.6896009611778
1505.6908308688169
1509.4755818447786
1500.2614798551213
1501.7798161158432
1497.9475182393583
1500.1361235310492
1504.9968820599529
1497.9384245216725
1507.5866873857206
1500.6807321667559
1500.617419934239
1497.0459401621729
1505.2127838756182
1513.7998717489681
1518.2098357004156
1517.1655650646571
1520.8126520607343
1521.0963316902444
1510.937902795928
1520.8953413948145
1524.2465931707127
1522.025852994735
1520.6194766529111
1511.3035429099059
1503.4208099804014
1497.9509160416389
1511.6119664786286
1507.7607134540581
1514.0784386816551
1520.6961986818219
1519.8740481060711
1514.2073553200407
1504.4742782894534
1508.5909093000037
1506.922659862784
1507.144779648062
1502.8097913844219
1507.7729172493175
1509.5137721977583
1509.5776743679039
1521.3418771816193
1509.3688929896673
1516.5093987836287
1507.4388473381152
1506.7080043034248
1503.6698275892995
1502.9911119997867
1505.990444431824
1506.8522228346208
1516.9249910425742
1523.636879620012
1524.0820083644153
1519.670092469129
1519.0188218550907
1516.4808825886928
1505.2731027361849
1500.0279633858192
1504.4964063035561
1502.9646896760341
1510.1956269493744
1515.306355138684
1504.9668789495131
1510.3713200417085
1517.4631038321872
1521.9691353137537
1502.5841943255077
1497.9178925879123
1506.3390299775908
1506.6898093274651
1517.6263095982472
1521.3329366898829
1518.8063297076037
1524.5474515444419
1520.27785921647
1515.9221312086579
1515.5510967655075
1509.8185171525308
1514.0841111557168
1518.5110363037393
1511.1089840103673
1518.931487517415
1513.5738522185716
1505.5224273909018
1503.7161520413938
1508.139222020684
1514.9794617775647
1518.8969143680088
1523.4811773492402
1518.4834180371354
1522.5183999882847
1507.8784234754783
1510.2037582850292
1497.2895374276118
1501.6243746307896
1510.3067267772276
1505.7684259809698
1493.7060326107894
1506.7459194113162
1519.6012400824306
1517.0529517124398
1514.0287930953605
1511.3280380815977
1505.9310570031935
1517.2416039131576
1521.7600669878143
1513.4127374149468
1504.0108496172452
1512.6421316059905
1515.6867148983256
1511.6421247145536
1511.9503191068911
1510.4027162710888
1508.7709103784327
1502.7630223513795
1501.7047814681978
1501.3988499572183
1495.5523355763864
1509.0551001844735
1507.7541115343181
1511.23111497576
1508.750141237304
1513.1679799758419
1510.863512435511
1506.7961221090368
1508.9133496452266
1507.5565028583871
1505.1223070903452
1507.4835913479703
1515.5201581823299
1509.3890234886239
1505.9227089490871
1507.5679080430818
1511.7634108001598
1515.2527791037821
1521.1899871929413
1515.4372537053182
1509.7266694501334
1505.4249629756414
1504.5384336936099
1504.6157184734282
1507.9899754898961
1503.0841215364928
1518.679465895196
1523.4690459128917
1522.3464014393101
1513.9706455028499
1515.8903677279604
1512.6635806132851
1514.3571636485153
1506.7641084586489
1514.5454869190714
1513.8623972476876
1501.0415789443937
1504.2853845500581
1501.7814083892154
1504.381468030942
1500.6240001050994
1493.258926636116
1497.3058279923425
1504.2553909517626
1513.8428285532709
1512.2142565730733
1523.3555765878918
1515.7792089077182
1517.9188435331098
1517.198857378618
1527.560129779976
1518.6400080034377
1520.3136692633452
1512.7861477116794
1519.3481263175186
1515.2286268195217
1516.5388368559311
1516.3273595649525
1518.9739468366568
1514.0507267353835
1511.1936653684434
1511.7381300416546
1508.9857515454082
1509.5097143099149
1508.2349956656615
1503.3140750131754
1499.0898154766028
1501.6176019597206
1515.2716696811144
1509.271957991624
1520.0255511557311
1521.8745792112227
1518.2145661493105
1518.8682322774971
1514.9404653120625
1520.7044028091902
1517.197647593694
1514.9490087051076
1518.3725986244831
1513.1682678786083
1524.6248636744242
1523.630630638771
1528.4164118757835
1520.1784160825634
1518.6245053060675
1520.7808619371715
1527.6638134342588
1521.3210704136868
1521.969142541144
1514.5408326659292
1510.6547361059445
1495.0655133052146
1507.707460091322
1509.1965947762865
1507.388252610996
1514.1699147966133
1505.748224777589
1506.6538969959527
1520.1043343126059
1511.7097655271393
1508.3173366139577
1505.3068424334465
1505.5820117355727
1508.6297088547321
1511.2608306898151
1512.1780918458171
1511.309617375267
1510.9998953745576
1522.654961410658
1515.4780743388114
1514.0555381400243
1512.5499617742744
1516.2309839402888
1511.5336050965332
1502.9862678337881
1512.3287312875723
1511.8595288580257
1513.8147324897513
1525.5785857430162
1517.7166085556007
1517.8605427916511
1517.6612174732393
1510.7594802165086
1515.0660987881424
1525.5024960834064
1511.0668222003665
1514.9739676959948
1517.0002742084889
1510.1422768177881
1503.8853003374525
1511.2986505681683
1514.6315222498154
1497.7701430242712
1501.2034414910449
1508.4268350264147
1507.0657625440456
1506.4516469640052
1505.3542462761347
1509.8314904889039
1521.0768972350149
1522.045714070106
1518.8995343956931
1514.5711498287628
1516.1109374358768
1522.410051509348
1515.7465649778658
1515.7229533846385
1514.2019332375412
1516.2226314056793
1505.911732127897
1510.8196714458684
1514.1599204819966
1508.6606489033081
1521.3219055149252
1516.6394540284348
1503.3367661962238
1506.2251112131078
1516.7209865614013
1503.9682214732356
1494.9323978834632
1512.5788408786275
1507.5618009424009
1511.0657380055188
1509.3971113980349
1515.6726311447728
1525.0661252043694
1517.8643199435023
1523.8940483026047
1529.9329108510151
1528.4617044022059
1527.9233325764017
1524.4295629500339
1523.8170546379929
1518.5268340166656
1522.7472318113341
1515.8557300746065
1520.0016295119708
1514.2849412983164
1517.3415537882804
1516.8963465436684
1510.3747320109542
1520.9085297985753
1523.6431024374201
1524.4700082849431
1526.3842531816781
1515.8817615368839
1509.2613398144072
1514.3960029457758
1520.6353148664916
1510.3289610331353
1512.4155114349469
1511.3248168979717
1510.142142041751
1510.9146009499509
1506.802163477483
1510.7722926902727
1518.3130881563998
1516.6700085895372
1513.0095753324588
1510.8781385496195
1518.4922838334874
1514.0921505951364
1513.5843417210385
1509.3953310277727
1511.1894173625283
1510.3381727662941
1515.2245542187866
1506.5553585749856
1513.0918273794273
1506.648118020174
1506.302169147491
1514.0154508117171
1518.1107119238527
1525.5724947220046
1526.5127472212487
1522.5674837308436
1518.0326493663542
1519.7328569208198
1521.3444860391528
1512.5019864195951
1512.7892913337359
1513.1743253249838
1520.4756808418749
1522.1067221021776
1519.0859101508222
1522.8741932035894
1517.1534906495633
1514.7558341655817
1508.3893336167762
1499.5660097618938
1502.7910690596482
1501.0005383297216
1508.3757003072369
1508.2415990214211
1509.211364229192
1516.2665669758949
1511.277408159611
1514.3084850648229
1506.479991283265
1503.1413636628238
1515.860601693124
1517.8249555724014
1509.9940683505588
1509.8681953197681
1511.9663307403582
1507.0888055973242
1505.3586237966142
1512.0480637198814
1503.8398967170492
1503.3134694727164
1506.8634474179103
1501.1814413288014
1505.7752673219445
1513.668798979405
1517.5544508259977
1516.0856478609142
1518.0571808040315
1517.9309035040512
1508.5593415548083
1515.7785207445479
1508.9496480490766
1509.9342248159119
1523.6280581381147
1520.277971371931
1509.4592540493747
1511.4488058538179
1503.266516051523
1498.8483311036625
1499.4057992167832
1501.8941729331832
1509.7078275741387
1508.085627218976
1507.3885429895022
1509.3289162222095
1514.1084149915532
1512.7175196334001
1514.7517844182696
1514.9550781005028
1526.27614992642
1524.0278622696778
1516.3543419772682
1520.1417718313908
1512.7262691784608
1527.2470660035331
1526.0714729225199
1516.4938124386977
1523.0618969762299
1516.3600771683259
1513.0052780347996
1514.9361365833956
1502.8409702422141
1512.99939124663
1507.7736102578501
1528.9554020809223
1526.6970705454833
1521.5015142561176
1525.8291082097448
1522.8376362138986
1523.3895605112575
1513.1378737591419
1514.200128415581
1513.3768302354404
1513.8312373331175
1509.158613328259
1519.3911887676732
1518.6873212779894
1512.6807500018547
1512.2750644461576
1507.4001964435454
1502.5500591575055
1507.1896887986454
1506.1496676069282
1512.7239305639803
1513.2760273204199
1512.925719347774
1515.9991304196187
1513.1459071322643
1516.0219575759781
1509.1335746045122
1499.9745716106813
1504.5997125934252
1500.696091639581
1506.9146035201497
1517.885974786381
1510.8677363685058
1504.9203940972416
1494.848526105184
1496.1541496636239
1511.8482593368549
1510.4386777292111
1510.5436485439018
1501.9887020198
1499.6359119726885
1497.9670530453095
1499.4553682607589
1504.2063391325546
1500.9312016246156
1501.0787598518018
1499.9165798743172
1501.4490162576146
1489.4569366785333
1495.4209375462876
1503.7251921231841
1504.7181685460503
1488.8663948272065
1492.4134567111641
1501.449235596041
1498.3416408278599
1491.1201655906825
1492.8918148080652
1499.9097658037144
1500.3979897941256
1500.5079520681393
1512.7847379854784
1516.1349885945115
1510.4945417533654
1511.6319335283351
1509.0422670331743
1505.139508931039
1511.5148134178012
1507.8147365051911
1508.9067659584098
1515.1530151148954
1515.0256619462812
1509.495806384929
1511.2007544138796
1503.603415217166
1508.6481561181563
1511.9462580270715
1507.9872131484599
1509.4665994608645
1503.0650905318428
1509.0770871902189
1505.4162223965686
1499.5985389212644
1503.1117106143079
1495.3923009821278
1502.0208059684696
1496.5908588895441
1504.5347511010364
1516.8063861150633
1504.2949435259791
1502.56593183011
1516.5704497086288
1508.6428006748056
1510.402897647182
1504.4304720634946
1519.274218971542
1521.4917404746229
1512.0799340079664
1520.0908075736777
1514.6824530136919
1505.4881106911216
1501.7152092271272
1508.4237522645367
1512.1303649708386
1511.2577834403151
1510.9300294770321
1504.3899843426113
1504.8763365588329
1503.1217782886447
1503.1026723654732
1502.0017489654354
1502.6425503042947
1503.9328321467674
1508.5281729750732
1518.8987656777444
1517.0050223757985
1515.8035852157848
1510.7187769560658
1507.5775211500641
1504.0036115563598
1503.1488893296239
1505.2553742526943
1506.534112695748
1513.8990923414729
1515.6872635869615
1506.1485649654458
1502.3433552033105
1497.2438722496274
1494.0836098527152
1503.0099240829334
1505.8893794471142
1509.5615778212982
1506.6362724108435
1505.8977265942558
1513.8346799236206
1513.8866755384818
1515.7494119303933
1511.7367214358164
1505.9882556486657
1510.4419322015424
1516.2929150013949
1514.2800496561674
1494.9133568543557
1501.9889514652555
1508.4188424340909
1501.0348838611324
1501.4627819919322
1502.9305291002315
1508.4274143894804
1509.7326703064352
1511.4483942504785
1521.1259189236873
1523.7877304989656
1517.0921551952861
1509.9021695436552
1505.2328499605599
1506.7489585288608
1506.3433949907258
1508.0040412627698
1509.6654386453502
1509.7861797163353
1513.7350426338394
1513.0377619460571
1521.2505394183261
1510.474025718544
1503.9682231572356
1510.6064749368486
1507.3365104595653
1506.3350792687038
1504.7912625276811
1503.3231729000963
1499.6763874782262
1511.8010499172383
1505.8107214992729
1510.3357665724393
1506.800923443345
1518.0575387120198
1519.5491421495349
1513.2431260966273
1511.4616239074121
1515.2103790838564
1517.2071441539404
1509.5065283621361
1510.3718458273388
1504.4617087765123
1504.4589865831758
1509.1914890596743
1509.7881725728616
1501.7224736666312
1497.0250392792796
1498.2509335597215
1511.8270683195251
1506.3913949419807
1500.8646875934946
1495.2011570229722
1505.4045874403623
1511.4132251397691
1519.9262029687923
1509.4211061003261
1512.5897082941619
1508.2285967334456
1517.1952473091367
1515.8210484078427
1512.0627888434744
1504.0535233579594
1502.9354447103256
1503.1194161809453
1512.0066071456963
1511.5724855072986
1509.8429439067127
1510.6690240200394
1512.1583074264695
1509.0499290151517
1489.2500184607063
1494.8078078199474
1498.7402129674138
1500.8162519905068
1502.0049468416651
1507.5946678831244
1512.8123423347909
1504.8881985981789
1505.7307871456833
1508.8278446322749
1511.185261054447
1507.9209580926008
1492.1781200512262
1507.6352985456788
1505.1730058274031
1506.2764399858727
1493.8128037576073
1490.8758859537802
1491.9752963199087
1477.012915503306
1486.7669564139153
1498.5713593509508
1504.2149197684639
1492.6631546367255
1502.857622623113
1504.4226317608727
1508.4641858385432
1499.4437197611985
1493.660110592258
1495.7538912948132
1507.9652391760153
1504.9472906959643
1509.6332531993476
1503.8715153280575
1510.0274416183256
1503.0154558474201
1501.169544731953
1509.4888490837568
1514.2115469124897
1514.9934952814576
1521.2026361960236
1508.6646649711872
1496.7525785278585
1495.3450468639862
1497.5061071831012
1513.3118978446341
1519.5520228174753
1521.7504284648808
1524.0382424923084
1516.0438012963577
1517.5111539128436
1506.4932498697003
1506.7007852696295
1509.4348534190012
1502.8466344659357
1500.0867689758925
1505.1447858568613
1501.4382465610772
1515.5711304346582
1508.8534286013723
1509.8384859624541
1509.1541830654739
1510.5651278379059
1510.6177655616707
1519.007327628311
1525.1268129885266
1511.8254199132846
1501.713378574625
1507.1132826199546
1504.9521407872226
1504.7986216357576
1511.9516461705809
1507.0564093178255
1503.4657833011081
1517.7079609447978
1519.3915240673775
1522.1187751065959
1523.0379544446996
1514.4491790359516
1516.6855042107284
1518.08948867152
1517.5195188389484
1529.0930850640045
1516.6773267020424
1515.363390889911
1511.0469170366327
1513.5810812792092
1513.1288006960267
1513.973899001458
1500.0753887174913
1508.1841892217278
1508.8165972840754
1505.0445814911141
1512.2026649679267
1512.7561935562744
1514.3406716516256
1502.4044001601501
1505.0596640290471
1497.0659961496956
1493.5032724392399
1505.9926221210599
1506.2568514134191
1504.9760872838676
1509.9352253514746
1507.7546499455925
1513.732471027211
1506.9686594419159
1511.4285003356688
1512.6179447847142
1501.8840479327819
1499.8342920987052
1498.2091748174387
1504.9937138247285
1507.2832502582969
1508.5482870545625
1508.7851368173845
1509.9593506310061
1499.9266549593128
1505.4160855982382
1497.0122769010488
1505.5960512433596
1501.6981359060953
1503.1127695356085
1513.9992476323446
1515.0155434890626
1503.7081013521188
1511.3739292112398
1513.8067097924582
1508.3451705589375
1506.1880845850828
1517.6136498970868
1515.3491031831486
1515.2187511250302
1502.018051366601
1509.8944383376554
1513.7159056308101
1511.4476841163371
1512.76123662797
1513.1470100373772
1510.8535979653568
1498.2035776547991
1502.3305933536021
1501.3726958951802
1500.3965230790761
1507.4863872764386
1497.9952301236351
1515.5544610790005
1510.209783484438
1500.7241003866966
1509.872508727256
1498.0156572600931
1505.8136421039076
1507.87893646059
1510.9395574801824
1516.2453251827867
1514.1434694632744
1510.7257584631893
1512.273724419957
1518.3535804500552
1502.693985577122
1501.8078936244929
1503.1671585184608
1508.0290784498281
1506.026915097146
1502.4281487396315
1498.2349494007362
1500.7026372656555
1495.7202586592225
1500.2981622492534
1503.9051919513313
1504.8028587349695
1505.3376141095496
1502.1085929949645
1508.5421887039747
1507.6307499590775
1506.6892569560111
1508.5904166915743
1504.6085785015227
1499.7143761077295
1512.6509340626155
1513.5018453983046
1514.5022071189696
1521.4531767051749
1507.6503244960777
1510.5889407735233
1522.4041836270803
1516.6106426738377
1522.4627524130055
1522.53171354694
1516.3370246568466
1509.3253795057499
1515.3390245540561
1518.7612371687626
1513.6179580087669
